  0.00000000	0.00000000	0.00000000	0.00000000	0.00000000	0.00000000	1.00000000	0.00000000	
  0.00050000	0.00000167	0.00000124	0.00000082	0.00000257	0.00005842	0.99992129	0.00001400	
  0.00100000	0.00000667	0.00000495	0.00000327	0.00001027	0.00023366	0.99968518	0.00005599	
  0.00150000	0.00001500	0.00001113	0.00000737	0.00002314	0.00052556	0.99929189	0.00012592	
  0.00200000	0.00002664	0.00001978	0.00001309	0.00004121	0.00093382	0.99874173	0.00022371	
  0.00250000	0.00004160	0.00003090	0.00002045	0.00006454	0.00145809	0.99803517	0.00034925	
  0.00300000	0.00005984	0.00004447	0.00002944	0.00009321	0.00209786	0.99717279	0.00050238	
  0.00350000	0.00008136	0.00006050	0.00004006	0.00012730	0.00285255	0.99615529	0.00068294	
  0.00400000	0.00010612	0.00007898	0.00005230	0.00016692	0.00372147	0.99498349	0.00089071	
  0.00450000	0.00013411	0.00009990	0.00006617	0.00021219	0.00470383	0.99365834	0.00112545	
  0.00500000	0.00016529	0.00012326	0.00008165	0.00026324	0.00579876	0.99218089	0.00138691	
  0.00550000	0.00019964	0.00014903	0.00009874	0.00032024	0.00700526	0.99055230	0.00167478	
  0.00600000	0.00023711	0.00017722	0.00011745	0.00038333	0.00832228	0.98877386	0.00198875	
  0.00650000	0.00027767	0.00020781	0.00013775	0.00045271	0.00974864	0.98684695	0.00232847	
  0.00700000	0.00032127	0.00024079	0.00015965	0.00052857	0.01128310	0.98477305	0.00269355	
  0.00750000	0.00036788	0.00027615	0.00018315	0.00061112	0.01292433	0.98255375	0.00308361	
  0.00800000	0.00041745	0.00031388	0.00020823	0.00070057	0.01467090	0.98019075	0.00349822	
  0.00850000	0.00046993	0.00035396	0.00023490	0.00079717	0.01652132	0.97768581	0.00393692	
  0.00900000	0.00052526	0.00039638	0.00026313	0.00090115	0.01847401	0.97504082	0.00439925	
  0.00950000	0.00058339	0.00044111	0.00029294	0.00101277	0.02052732	0.97225774	0.00488471	
  0.01000000	0.00064427	0.00048816	0.00032431	0.00113231	0.02267952	0.96933862	0.00539280	
  0.01050000	0.00070784	0.00053750	0.00035723	0.00126004	0.02492882	0.96628560	0.00592297	
  0.01100000	0.00077403	0.00058912	0.00039170	0.00139625	0.02727335	0.96310089	0.00647468	
  0.01150000	0.00084278	0.00064299	0.00042771	0.00154123	0.02971117	0.95978677	0.00704735	
  0.01200000	0.00091403	0.00069911	0.00046525	0.00169529	0.03224030	0.95634562	0.00764040	
  0.01250000	0.00098770	0.00075745	0.00050432	0.00185874	0.03485869	0.95277987	0.00825323	
  0.01300000	0.00106374	0.00081799	0.00054490	0.00203191	0.03756422	0.94909202	0.00888521	
  0.01350000	0.00114206	0.00088073	0.00058700	0.00221512	0.04035473	0.94528465	0.00953572	
  0.01400000	0.00122260	0.00094563	0.00063059	0.00240870	0.04322801	0.94136037	0.01020410	
  0.01450000	0.00130528	0.00101269	0.00067568	0.00261298	0.04618179	0.93732187	0.01088971	
  0.01500000	0.00139003	0.00108187	0.00072225	0.00282832	0.04921376	0.93317189	0.01159188	
  0.01550000	0.00147677	0.00115317	0.00077029	0.00305505	0.05232158	0.92891322	0.01230992	
  0.01600000	0.00156542	0.00122656	0.00081981	0.00329351	0.05550285	0.92454869	0.01304316	
  0.01650000	0.00165589	0.00130203	0.00087077	0.00354406	0.05875514	0.92008119	0.01379090	
  0.01700000	0.00174812	0.00137955	0.00092319	0.00380705	0.06207600	0.91551363	0.01455245	
  0.01750000	0.00184202	0.00145910	0.00097704	0.00408282	0.06546294	0.91084898	0.01532709	
  0.01800000	0.00193751	0.00154067	0.00103232	0.00437173	0.06891343	0.90609022	0.01611412	
  0.01850000	0.00203450	0.00162423	0.00108902	0.00467411	0.07242494	0.90124037	0.01691283	
  0.01900000	0.00213291	0.00170977	0.00114713	0.00499031	0.07599489	0.89630249	0.01772251	
  0.01950000	0.00223266	0.00179725	0.00120663	0.00532069	0.07962070	0.89127964	0.01854243	
  0.02000000	0.00233366	0.00188668	0.00126752	0.00566556	0.08329977	0.88617492	0.01937189	
  0.02050000	0.00243582	0.00197801	0.00132979	0.00602527	0.08702949	0.88099144	0.02021018	
  0.02100000	0.00253907	0.00207124	0.00139342	0.00640014	0.09080723	0.87573233	0.02105657	
  0.02150000	0.00264332	0.00216634	0.00145840	0.00679050	0.09463037	0.87040072	0.02191035	
  0.02200000	0.00274847	0.00226329	0.00152473	0.00719666	0.09849626	0.86499975	0.02277084	
  0.02250000	0.00285445	0.00236208	0.00159239	0.00761892	0.10240226	0.85953258	0.02363731	
  0.02300000	0.00296118	0.00246268	0.00166137	0.00805759	0.10634574	0.85400236	0.02450909	
  0.02350000	0.00306856	0.00256507	0.00173165	0.00851295	0.11032407	0.84841224	0.02538547	
  0.02400000	0.00317651	0.00266923	0.00180323	0.00898528	0.11433460	0.84276537	0.02626578	
  0.02450000	0.00328495	0.00277515	0.00187609	0.00947485	0.11837473	0.83706489	0.02714935	
  0.02500000	0.00339379	0.00288279	0.00195021	0.00998193	0.12244184	0.83131393	0.02803550	
  0.02550000	0.00350296	0.00299215	0.00202560	0.01050674	0.12653333	0.82551562	0.02892360	
  0.02600000	0.00361236	0.00310320	0.00210222	0.01104954	0.13064662	0.81967306	0.02981299	
  0.02650000	0.00372193	0.00321593	0.00218008	0.01161053	0.13477915	0.81378935	0.03070304	
  0.02700000	0.00383157	0.00333030	0.00225915	0.01218992	0.13892837	0.80786756	0.03159314	
  0.02750000	0.00394121	0.00344631	0.00233942	0.01278791	0.14309176	0.80191073	0.03248266	
  0.02800000	0.00405077	0.00356393	0.00242088	0.01340467	0.14726682	0.79592191	0.03337103	
  0.02850000	0.00416018	0.00368314	0.00250351	0.01404036	0.15145108	0.78990408	0.03425766	
  0.02900000	0.00426935	0.00380392	0.00258730	0.01469513	0.15564209	0.78386023	0.03514199	
  0.02950000	0.00437821	0.00392625	0.00267223	0.01536911	0.15983745	0.77779330	0.03602345	
  0.03000000	0.00448670	0.00405012	0.00275829	0.01606241	0.16403477	0.77170620	0.03690153	
  0.03050000	0.00459473	0.00417549	0.00284546	0.01677512	0.16823170	0.76560181	0.03777569	
  0.03100000	0.00470224	0.00430235	0.00293373	0.01750732	0.17242593	0.75948298	0.03864544	
  0.03150000	0.00480916	0.00443069	0.00302309	0.01825907	0.17661519	0.75335251	0.03951029	
  0.03200000	0.00491541	0.00456047	0.00311351	0.01903042	0.18079723	0.74721318	0.04036978	
  0.03250000	0.00502095	0.00469168	0.00320498	0.01982138	0.18496986	0.74106771	0.04122344	
  0.03300000	0.00512570	0.00482429	0.00329749	0.02063195	0.18913093	0.73491879	0.04207085	
  0.03350000	0.00522959	0.00495829	0.00339102	0.02146213	0.19327832	0.72876906	0.04291159	
  0.03400000	0.00533258	0.00509365	0.00348555	0.02231188	0.19740995	0.72262113	0.04374526	
  0.03450000	0.00543460	0.00523035	0.00358107	0.02318113	0.20152381	0.71647754	0.04457149	
  0.03500000	0.00553560	0.00536837	0.00367756	0.02406983	0.20561792	0.71034081	0.04538992	
  0.03550000	0.00563552	0.00550769	0.00377500	0.02497787	0.20969033	0.70421339	0.04620020	
  0.03600000	0.00573431	0.00564827	0.00387339	0.02590513	0.21373918	0.69809771	0.04700201	
  0.03650000	0.00583191	0.00579011	0.00397270	0.02685150	0.21776262	0.69199611	0.04779506	
  0.03700000	0.00592829	0.00593317	0.00407291	0.02781681	0.22175886	0.68591091	0.04857905	
  0.03750000	0.00602340	0.00607743	0.00417402	0.02880089	0.22572616	0.67984438	0.04935372	
  0.03800000	0.00611719	0.00622287	0.00427600	0.02980355	0.22966285	0.67379873	0.05011883	
  0.03850000	0.00620962	0.00636946	0.00437883	0.03082457	0.23356729	0.66777610	0.05087414	
  0.03900000	0.00630065	0.00651717	0.00448251	0.03186372	0.23743788	0.66177860	0.05161946	
  0.03950000	0.00639024	0.00666598	0.00458702	0.03292076	0.24127311	0.65580829	0.05235459	
  0.04000000	0.00647837	0.00681587	0.00469234	0.03399541	0.24507149	0.64986716	0.05307935	
  0.04050000	0.00656499	0.00696681	0.00479846	0.03508738	0.24883159	0.64395716	0.05379361	
  0.04100000	0.00665009	0.00711876	0.00490535	0.03619636	0.25255205	0.63808017	0.05449723	
  0.04150000	0.00673362	0.00727170	0.00501302	0.03732203	0.25623153	0.63223802	0.05519008	
  0.04200000	0.00681556	0.00742561	0.00512143	0.03846404	0.25986877	0.62643251	0.05587208	
  0.04250000	0.00689590	0.00758045	0.00523058	0.03962203	0.26346255	0.62066534	0.05654314	
  0.04300000	0.00697461	0.00773619	0.00534045	0.04079562	0.26701171	0.61493820	0.05720321	
  0.04350000	0.00705167	0.00789281	0.00545103	0.04198441	0.27051515	0.60925270	0.05785222	
  0.04400000	0.00712707	0.00805027	0.00556231	0.04318800	0.27397179	0.60361040	0.05849017	
  0.04450000	0.00720079	0.00820854	0.00567427	0.04440594	0.27738064	0.59801280	0.05911703	
  0.04500000	0.00727282	0.00836759	0.00578689	0.04563781	0.28074074	0.59246135	0.05973281	
  0.04550000	0.00734315	0.00852739	0.00590017	0.04688312	0.28405118	0.58695746	0.06033753	
  0.04600000	0.00741177	0.00868789	0.00601410	0.04814142	0.28731112	0.58150247	0.06093122	
  0.04650000	0.00747869	0.00884908	0.00612865	0.04941222	0.29051976	0.57609767	0.06151393	
  0.04700000	0.00754389	0.00901092	0.00624383	0.05069500	0.29367634	0.57074430	0.06208573	
  0.04750000	0.00760738	0.00917336	0.00635962	0.05198926	0.29678016	0.56544353	0.06264669	
  0.04800000	0.00766916	0.00933638	0.00647600	0.05329447	0.29983056	0.56019651	0.06319691	
  0.04850000	0.00772923	0.00949993	0.00659298	0.05461010	0.30282695	0.55500432	0.06373649	
  0.04900000	0.00778760	0.00966399	0.00671054	0.05593558	0.30576877	0.54986797	0.06426555	
  0.04950000	0.00784427	0.00982852	0.00682866	0.05727036	0.30865550	0.54478846	0.06478422	
  0.05000000	0.00789927	0.00999347	0.00694735	0.05861388	0.31148668	0.53976671	0.06529264	
  0.05050000	0.00795260	0.01015881	0.00706659	0.05996555	0.31426190	0.53480359	0.06579096	
  0.05100000	0.00800427	0.01032450	0.00718638	0.06132478	0.31698078	0.52989994	0.06627935	
  0.05150000	0.00805430	0.01049050	0.00730671	0.06269098	0.31964298	0.52505654	0.06675797	
  0.05200000	0.00810272	0.01065677	0.00742758	0.06406356	0.32224823	0.52027413	0.06722702	
  0.05250000	0.00814953	0.01082328	0.00754897	0.06544189	0.32479627	0.51555338	0.06768668	
  0.05300000	0.00819477	0.01098997	0.00767089	0.06682538	0.32728690	0.51089494	0.06813715	
  0.05350000	0.00823846	0.01115682	0.00779332	0.06821339	0.32971996	0.50629941	0.06857865	
  0.05400000	0.00828062	0.01132377	0.00791627	0.06960532	0.33209532	0.50176733	0.06901138	
  0.05450000	0.00832128	0.01149079	0.00803973	0.07100052	0.33441289	0.49729921	0.06943558	
  0.05500000	0.00836047	0.01165784	0.00816369	0.07239839	0.33667263	0.49289551	0.06985147	
  0.05550000	0.00839822	0.01182487	0.00828817	0.07379827	0.33887452	0.48855666	0.07025929	
  0.05600000	0.00843456	0.01199184	0.00841314	0.07519956	0.34101858	0.48428304	0.07065928	
  0.05650000	0.00846954	0.01215871	0.00853862	0.07660161	0.34310486	0.48007497	0.07105169	
  0.05700000	0.00850317	0.01232543	0.00866460	0.07800379	0.34513347	0.47593277	0.07143677	
  0.05750000	0.00853551	0.01249197	0.00879108	0.07940548	0.34710451	0.47185669	0.07181477	
  0.05800000	0.00856658	0.01265827	0.00891807	0.08080604	0.34901814	0.46784695	0.07218595	
  0.05850000	0.00859643	0.01282430	0.00904556	0.08220486	0.35087454	0.46390373	0.07255058	
  0.05900000	0.00862510	0.01299002	0.00917355	0.08360130	0.35267392	0.46002719	0.07290891	
  0.05950000	0.00865263	0.01315537	0.00930205	0.08499476	0.35441653	0.45621743	0.07326122	
  0.06000000	0.00867906	0.01332032	0.00943107	0.08638461	0.35610263	0.45247454	0.07360777	
  0.06050000	0.00870445	0.01348482	0.00956059	0.08777026	0.35773250	0.44879854	0.07394883	
  0.06100000	0.00872882	0.01364884	0.00969063	0.08915109	0.35930648	0.44518947	0.07428467	
  0.06150000	0.00875224	0.01381232	0.00982120	0.09052651	0.36082489	0.44164728	0.07461557	
  0.06200000	0.00877474	0.01397522	0.00995229	0.09189593	0.36228811	0.43817193	0.07494178	
  0.06250000	0.00879637	0.01413751	0.01008391	0.09325878	0.36369652	0.43476333	0.07526358	
  0.06300000	0.00881719	0.01429913	0.01021607	0.09461447	0.36505052	0.43142138	0.07558125	
  0.06350000	0.00883724	0.01446005	0.01034877	0.09596245	0.36635054	0.42814591	0.07589503	
  0.06400000	0.00885658	0.01462023	0.01048202	0.09730215	0.36759704	0.42493678	0.07620521	
  0.06450000	0.00887524	0.01477962	0.01061582	0.09863305	0.36879046	0.42179377	0.07651204	
  0.06500000	0.00889330	0.01493818	0.01075019	0.09995459	0.36993130	0.41871666	0.07681579	
  0.06550000	0.00891079	0.01509587	0.01088513	0.10126626	0.37102005	0.41570520	0.07711670	
  0.06600000	0.00892777	0.01525266	0.01102065	0.10256755	0.37205722	0.41275911	0.07741504	
  0.06650000	0.00894429	0.01540850	0.01115676	0.10385796	0.37304334	0.40987811	0.07771106	
  0.06700000	0.00896040	0.01556334	0.01129346	0.10513699	0.37397895	0.40706185	0.07800500	
  0.06750000	0.00897616	0.01571717	0.01143077	0.10640418	0.37486460	0.40431001	0.07829711	
  0.06800000	0.00899162	0.01586993	0.01156869	0.10765907	0.37570086	0.40162221	0.07858763	
  0.06850000	0.00900684	0.01602158	0.01170724	0.10890120	0.37648830	0.39899806	0.07887679	
  0.06900000	0.00902186	0.01617210	0.01184641	0.11013014	0.37722751	0.39643716	0.07916481	
  0.06950000	0.00903675	0.01632145	0.01198624	0.11134548	0.37791908	0.39393908	0.07945193	
  0.07000000	0.00905155	0.01646958	0.01212671	0.11254680	0.37856362	0.39150337	0.07973837	
  0.07050000	0.00906631	0.01661647	0.01226785	0.11373372	0.37916175	0.38912957	0.08002433	
  0.07100000	0.00908110	0.01676208	0.01240967	0.11490586	0.37971407	0.38681720	0.08031002	
  0.07150000	0.00909596	0.01690638	0.01255217	0.11606285	0.38022122	0.38456576	0.08059566	
  0.07200000	0.00911095	0.01704934	0.01269536	0.11720437	0.38068382	0.38237473	0.08088142	
  0.07250000	0.00912612	0.01719092	0.01283926	0.11833007	0.38110252	0.38024359	0.08116751	
  0.07300000	0.00914152	0.01733110	0.01298388	0.11943964	0.38147796	0.37817180	0.08145410	
  0.07350000	0.00915721	0.01746984	0.01312923	0.12053278	0.38181078	0.37615878	0.08174137	
  0.07400000	0.00917323	0.01760711	0.01327532	0.12160922	0.38210164	0.37420398	0.08202950	
  0.07450000	0.00918963	0.01774290	0.01342216	0.12266868	0.38235118	0.37230681	0.08231864	
  0.07500000	0.00920648	0.01787717	0.01356976	0.12371093	0.38256006	0.37046666	0.08260896	
  0.07550000	0.00922380	0.01800989	0.01371813	0.12473571	0.38272893	0.36868294	0.08290060	
  0.07600000	0.00924166	0.01814104	0.01386729	0.12574282	0.38285846	0.36695502	0.08319371	
  0.07650000	0.00926011	0.01827060	0.01401724	0.12673206	0.38294931	0.36528227	0.08348842	
  0.07700000	0.00927918	0.01839855	0.01416800	0.12770324	0.38300213	0.36366405	0.08378486	
  0.07750000	0.00929894	0.01852486	0.01431958	0.12865618	0.38301758	0.36209971	0.08408316	
  0.07800000	0.00931941	0.01864951	0.01447198	0.12959075	0.38299633	0.36058859	0.08438343	
  0.07850000	0.00934066	0.01877248	0.01462522	0.13050680	0.38293902	0.35913003	0.08468579	
  0.07900000	0.00936272	0.01889376	0.01477931	0.13140421	0.38284633	0.35772334	0.08499032	
  0.07950000	0.00938564	0.01901332	0.01493426	0.13228288	0.38271891	0.35636786	0.08529713	
  0.08000000	0.00940945	0.01913116	0.01509007	0.13314272	0.38255741	0.35506288	0.08560631	
  0.08050000	0.00943421	0.01924725	0.01524677	0.13398365	0.38236248	0.35380770	0.08591793	
  0.08100000	0.00945996	0.01936159	0.01540436	0.13480561	0.38213478	0.35260164	0.08623207	
  0.08150000	0.00948672	0.01947415	0.01556284	0.13560856	0.38187495	0.35144397	0.08654881	
  0.08200000	0.00951454	0.01958493	0.01572224	0.13639248	0.38158364	0.35033399	0.08686819	
  0.08250000	0.00954347	0.01969391	0.01588255	0.13715734	0.38126150	0.34927096	0.08719027	
  0.08300000	0.00957352	0.01980110	0.01604379	0.13790315	0.38090915	0.34825418	0.08751511	
  0.08350000	0.00960475	0.01990647	0.01620597	0.13862992	0.38052724	0.34728291	0.08784274	
  0.08400000	0.00963718	0.02001002	0.01636908	0.13933768	0.38011641	0.34635643	0.08817320	
  0.08450000	0.00967085	0.02011175	0.01653316	0.14002647	0.37967727	0.34547399	0.08850652	
  0.08500000	0.00970579	0.02021165	0.01669819	0.14069635	0.37921045	0.34463485	0.08884272	
  0.08550000	0.00974203	0.02030971	0.01686419	0.14134738	0.37871658	0.34383828	0.08918182	
  0.08600000	0.00977959	0.02040594	0.01703117	0.14197965	0.37819627	0.34308354	0.08952383	
  0.08650000	0.00981852	0.02050032	0.01719913	0.14259325	0.37765014	0.34236987	0.08986876	
  0.08700000	0.00985883	0.02059287	0.01736809	0.14318828	0.37707878	0.34169653	0.09021661	
  0.08750000	0.00990055	0.02068359	0.01753804	0.14376487	0.37648282	0.34106277	0.09056737	
  0.08800000	0.00994370	0.02077246	0.01770899	0.14432313	0.37586284	0.34046785	0.09092103	
  0.08850000	0.00998831	0.02085950	0.01788096	0.14486320	0.37521944	0.33991100	0.09127759	
  0.08900000	0.01003440	0.02094471	0.01805394	0.14538525	0.37455321	0.33939148	0.09163701	
  0.08950000	0.01008199	0.02102810	0.01822794	0.14588942	0.37386475	0.33890853	0.09199927	
  0.09000000	0.01013110	0.02110966	0.01840297	0.14637589	0.37315462	0.33846141	0.09236435	
  0.09050000	0.01018174	0.02118942	0.01857903	0.14684484	0.37242340	0.33804935	0.09273221	
  0.09100000	0.01023394	0.02126736	0.01875613	0.14729645	0.37167168	0.33767162	0.09310281	
  0.09150000	0.01028771	0.02134352	0.01893427	0.14773092	0.37090001	0.33732745	0.09347612	
  0.09200000	0.01034306	0.02141788	0.01911346	0.14814847	0.37010896	0.33701610	0.09385208	
  0.09250000	0.01040001	0.02149047	0.01929369	0.14854929	0.36929908	0.33673681	0.09423065	
  0.09300000	0.01045856	0.02156130	0.01947497	0.14893362	0.36847093	0.33648884	0.09461177	
  0.09350000	0.01051874	0.02163038	0.01965732	0.14930167	0.36762506	0.33627144	0.09499540	
  0.09400000	0.01058053	0.02169772	0.01984071	0.14965370	0.36676201	0.33608387	0.09538146	
  0.09450000	0.01064396	0.02176334	0.02002517	0.14998993	0.36588233	0.33592537	0.09576989	
  0.09500000	0.01070903	0.02182725	0.02021070	0.15031062	0.36498654	0.33579522	0.09616064	
  0.09550000	0.01077574	0.02188948	0.02039729	0.15061601	0.36407518	0.33569267	0.09655363	
  0.09600000	0.01084410	0.02195003	0.02058494	0.15090638	0.36314876	0.33561699	0.09694880	
  0.09650000	0.01091411	0.02200892	0.02077366	0.15118198	0.36220783	0.33556743	0.09734607	
  0.09700000	0.01098578	0.02206619	0.02096346	0.15144307	0.36125288	0.33554327	0.09774536	
  0.09750000	0.01105909	0.02212183	0.02115432	0.15168994	0.36028443	0.33554378	0.09814660	
  0.09800000	0.01113405	0.02217588	0.02134625	0.15192286	0.35930300	0.33556824	0.09854972	
  0.09850000	0.01121066	0.02222836	0.02153925	0.15214210	0.35830908	0.33561592	0.09895462	
  0.09900000	0.01128891	0.02227929	0.02173333	0.15234796	0.35730317	0.33568610	0.09936124	
  0.09950000	0.01136880	0.02232869	0.02192847	0.15254071	0.35628578	0.33577807	0.09976948	
  0.10000000	0.01145032	0.02237658	0.02212469	0.15272065	0.35525738	0.33589112	0.10017926	
  0.10050000	0.01153346	0.02242300	0.02232197	0.15288806	0.35421846	0.33602453	0.10059050	
  0.10100000	0.01161822	0.02246796	0.02252032	0.15304324	0.35316952	0.33617761	0.10100312	
  0.10150000	0.01170459	0.02251149	0.02271974	0.15318648	0.35211102	0.33634966	0.10141702	
  0.10200000	0.01179255	0.02255362	0.02292022	0.15331808	0.35104344	0.33653998	0.10183212	
  0.10250000	0.01188209	0.02259437	0.02312177	0.15343832	0.34996725	0.33674787	0.10224833	
  0.10300000	0.01197321	0.02263377	0.02332437	0.15354751	0.34888292	0.33697266	0.10266556	
  0.10350000	0.01206588	0.02267185	0.02352804	0.15364594	0.34779091	0.33721366	0.10308373	
  0.10400000	0.01216009	0.02270864	0.02373276	0.15373391	0.34669167	0.33747019	0.10350274	
  0.10450000	0.01225582	0.02274417	0.02393853	0.15381172	0.34558566	0.33774159	0.10392251	
  0.10500000	0.01235307	0.02277846	0.02414535	0.15387965	0.34447334	0.33802718	0.10434296	
  0.10550000	0.01245180	0.02281155	0.02435322	0.15393801	0.34335513	0.33832630	0.10476399	
  0.10600000	0.01255200	0.02284347	0.02456214	0.15398708	0.34223150	0.33863830	0.10518551	
  0.10650000	0.01265366	0.02287425	0.02477209	0.15402717	0.34110287	0.33896252	0.10560745	
  0.10700000	0.01275674	0.02290392	0.02498308	0.15405855	0.33996968	0.33929833	0.10602971	
  0.10750000	0.01286124	0.02293251	0.02519510	0.15408153	0.33883236	0.33964507	0.10645221	
  0.10800000	0.01296712	0.02296006	0.02540814	0.15409638	0.33769133	0.34000212	0.10687486	
  0.10850000	0.01307436	0.02298659	0.02562221	0.15410339	0.33654702	0.34036884	0.10729759	
  0.10900000	0.01318294	0.02301215	0.02583730	0.15410284	0.33539985	0.34074462	0.10772031	
  0.10950000	0.01329284	0.02303676	0.02605339	0.15409502	0.33425022	0.34112884	0.10814293	
  0.11000000	0.01340402	0.02306045	0.02627050	0.15408020	0.33309856	0.34152088	0.10856539	
  0.11050000	0.01351647	0.02308328	0.02648861	0.15405866	0.33194526	0.34192014	0.10898759	
  0.11100000	0.01363015	0.02310525	0.02670771	0.15403066	0.33079073	0.34232603	0.10940947	
  0.11150000	0.01374504	0.02312642	0.02692781	0.15399648	0.32963536	0.34273795	0.10983094	
  0.11200000	0.01386110	0.02314682	0.02714889	0.15395638	0.32847955	0.34315532	0.11025194	
  0.11250000	0.01397832	0.02316647	0.02737095	0.15391062	0.32732370	0.34357756	0.11067238	
  0.11300000	0.01409666	0.02318542	0.02759398	0.15385947	0.32616817	0.34400409	0.11109220	
  0.11350000	0.01421609	0.02320371	0.02781798	0.15380317	0.32501336	0.34443436	0.11151133	
  0.11400000	0.01433659	0.02322136	0.02804294	0.15374197	0.32385964	0.34486781	0.11192969	
  0.11450000	0.01445811	0.02323841	0.02826885	0.15367613	0.32270739	0.34530388	0.11234723	
  0.11500000	0.01458063	0.02325490	0.02849571	0.15360589	0.32155697	0.34574202	0.11276387	
  0.11550000	0.01470412	0.02327087	0.02872351	0.15353149	0.32040875	0.34618172	0.11317956	
  0.11600000	0.01482854	0.02328634	0.02895224	0.15345315	0.31926308	0.34662242	0.11359422	
  0.11650000	0.01495386	0.02330137	0.02918190	0.15337112	0.31812032	0.34706362	0.11400781	
  0.11700000	0.01508005	0.02331597	0.02941247	0.15328562	0.31698083	0.34750480	0.11442026	
  0.11750000	0.01520708	0.02333019	0.02964396	0.15319687	0.31584494	0.34794545	0.11483152	
  0.11800000	0.01533491	0.02334407	0.02987634	0.15310509	0.31471300	0.34838507	0.11524153	
  0.11850000	0.01546351	0.02335764	0.03010962	0.15301050	0.31358534	0.34882316	0.11565023	
  0.11900000	0.01559284	0.02337093	0.03034379	0.15291330	0.31246230	0.34925926	0.11605759	
  0.11950000	0.01572287	0.02338398	0.03057884	0.15281370	0.31134419	0.34969287	0.11646355	
  0.12000000	0.01585357	0.02339683	0.03081476	0.15271191	0.31023135	0.35012353	0.11686805	
  0.12050000	0.01598490	0.02340952	0.03105153	0.15260811	0.30912409	0.35055078	0.11727107	
  0.12100000	0.01611682	0.02342207	0.03128917	0.15250251	0.30802272	0.35097417	0.11767255	
  0.12150000	0.01624931	0.02343453	0.03152765	0.15239529	0.30692754	0.35139325	0.11807244	
  0.12200000	0.01638232	0.02344693	0.03176696	0.15228663	0.30583886	0.35180758	0.11847072	
  0.12250000	0.01651582	0.02345930	0.03200710	0.15217671	0.30475697	0.35221675	0.11886734	
  0.12300000	0.01664978	0.02347168	0.03224807	0.15206572	0.30368217	0.35262032	0.11926227	
  0.12350000	0.01678416	0.02348410	0.03248984	0.15195381	0.30261473	0.35301789	0.11965546	
  0.12400000	0.01691893	0.02349660	0.03273241	0.15184116	0.30155494	0.35340906	0.12004690	
  0.12450000	0.01705405	0.02350922	0.03297578	0.15172793	0.30050306	0.35379342	0.12043654	
  0.12500000	0.01718949	0.02352197	0.03321992	0.15161428	0.29945938	0.35417059	0.12082436	
  0.12550000	0.01732521	0.02353491	0.03346485	0.15150036	0.29842414	0.35454020	0.12121032	
  0.12600000	0.01746118	0.02354806	0.03371053	0.15138632	0.29739761	0.35490188	0.12159441	
  0.12650000	0.01759736	0.02356146	0.03395697	0.15127231	0.29638004	0.35525526	0.12197659	
  0.12700000	0.01773372	0.02357514	0.03420416	0.15115847	0.29537167	0.35560000	0.12235684	
  0.12750000	0.01787023	0.02358912	0.03445208	0.15104494	0.29437274	0.35593574	0.12273515	
  0.12800000	0.01800685	0.02360345	0.03470072	0.15093185	0.29338348	0.35626217	0.12311148	
  0.12850000	0.01814354	0.02361815	0.03495009	0.15081933	0.29240411	0.35657894	0.12348583	
  0.12900000	0.01828029	0.02363325	0.03520016	0.15070752	0.29143487	0.35688575	0.12385817	
  0.12950000	0.01841704	0.02364879	0.03545092	0.15059652	0.29047596	0.35718228	0.12422849	
  0.13000000	0.01855377	0.02366480	0.03570238	0.15048646	0.28952759	0.35746824	0.12459676	
  0.13050000	0.01869045	0.02368130	0.03595451	0.15037746	0.28858997	0.35774334	0.12496299	
  0.13100000	0.01882704	0.02369833	0.03620730	0.15026962	0.28766328	0.35800729	0.12532715	
  0.13150000	0.01896352	0.02371590	0.03646076	0.15016306	0.28674771	0.35825982	0.12568923	
  0.13200000	0.01909985	0.02373406	0.03671486	0.15005787	0.28584346	0.35850068	0.12604923	
  0.13250000	0.01923599	0.02375283	0.03696959	0.14995417	0.28495068	0.35872960	0.12640713	
  0.13300000	0.01937193	0.02377223	0.03722496	0.14985205	0.28406956	0.35894633	0.12676293	
  0.13350000	0.01950763	0.02379230	0.03748094	0.14975160	0.28320026	0.35915065	0.12711662	
  0.13400000	0.01964306	0.02381305	0.03773753	0.14965292	0.28234292	0.35934233	0.12746819	
  0.13450000	0.01977820	0.02383452	0.03799471	0.14955608	0.28149771	0.35952114	0.12781764	
  0.13500000	0.01991300	0.02385673	0.03825248	0.14946119	0.28066476	0.35968688	0.12816496	
  0.13550000	0.02004745	0.02387970	0.03851083	0.14936832	0.27984421	0.35983935	0.12851015	
  0.13600000	0.02018152	0.02390346	0.03876974	0.14927755	0.27903618	0.35997834	0.12885321	
  0.13650000	0.02031518	0.02392803	0.03902921	0.14918895	0.27824081	0.36010369	0.12919414	
  0.13700000	0.02044840	0.02395343	0.03928922	0.14910260	0.27745820	0.36021522	0.12953293	
  0.13750000	0.02058116	0.02397968	0.03954978	0.14901857	0.27668846	0.36031275	0.12986959	
  0.13800000	0.02071343	0.02400682	0.03981085	0.14893694	0.27593171	0.36039614	0.13020411	
  0.13850000	0.02084519	0.02403484	0.04007245	0.14885775	0.27518802	0.36046524	0.13053650	
  0.13900000	0.02097642	0.02406379	0.04033454	0.14878109	0.27445750	0.36051991	0.13086676	
  0.13950000	0.02110708	0.02409367	0.04059714	0.14870700	0.27374022	0.36056001	0.13119489	
  0.14000000	0.02123716	0.02412450	0.04086022	0.14863554	0.27303625	0.36058543	0.13152089	
  0.14050000	0.02136664	0.02415630	0.04112378	0.14856678	0.27234568	0.36059606	0.13184477	
  0.14100000	0.02149548	0.02418910	0.04138780	0.14850076	0.27166855	0.36059178	0.13216652	
  0.14150000	0.02162368	0.02422289	0.04165228	0.14843754	0.27100493	0.36057251	0.13248616	
  0.14200000	0.02175121	0.02425771	0.04191721	0.14837716	0.27035486	0.36053816	0.13280369	
  0.14250000	0.02187805	0.02429356	0.04218258	0.14831967	0.26971838	0.36048865	0.13311911	
  0.14300000	0.02200418	0.02433047	0.04244837	0.14826511	0.26909553	0.36042390	0.13343243	
  0.14350000	0.02212959	0.02436843	0.04271459	0.14821354	0.26848634	0.36034387	0.13374366	
  0.14400000	0.02225425	0.02440747	0.04298121	0.14816498	0.26789082	0.36024848	0.13405279	
  0.14450000	0.02237814	0.02444760	0.04324823	0.14811947	0.26730901	0.36013771	0.13435983	
  0.14500000	0.02250126	0.02448883	0.04351564	0.14807706	0.26674089	0.36001151	0.13466480	
  0.14550000	0.02262359	0.02453116	0.04378344	0.14803778	0.26618649	0.35986985	0.13496769	
  0.14600000	0.02274510	0.02457462	0.04405161	0.14800165	0.26564579	0.35971271	0.13526852	
  0.14650000	0.02286580	0.02461920	0.04432014	0.14796871	0.26511878	0.35954008	0.13556729	
  0.14700000	0.02298565	0.02466492	0.04458903	0.14793900	0.26460545	0.35935196	0.13586400	
  0.14750000	0.02310465	0.02471178	0.04485826	0.14791253	0.26410577	0.35914834	0.13615867	
  0.14800000	0.02322279	0.02475978	0.04512784	0.14788933	0.26361972	0.35892924	0.13645130	
  0.14850000	0.02334005	0.02480895	0.04539774	0.14786943	0.26314727	0.35869467	0.13674189	
  0.14900000	0.02345643	0.02485927	0.04566797	0.14785285	0.26268836	0.35844466	0.13703046	
  0.14950000	0.02357191	0.02491076	0.04593850	0.14783961	0.26224296	0.35817925	0.13731701	
  0.15000000	0.02368648	0.02496342	0.04620935	0.14782972	0.26181102	0.35789847	0.13760155	
  0.15050000	0.02380014	0.02501725	0.04648049	0.14782322	0.26139247	0.35760236	0.13788408	
  0.15100000	0.02391287	0.02507225	0.04675192	0.14782010	0.26098726	0.35729099	0.13816461	
  0.15150000	0.02402467	0.02512842	0.04702363	0.14782040	0.26059531	0.35696442	0.13844315	
  0.15200000	0.02413554	0.02518577	0.04729562	0.14782411	0.26021654	0.35662271	0.13871970	
  0.15250000	0.02424545	0.02524429	0.04756788	0.14783126	0.25985089	0.35626594	0.13899428	
  0.15300000	0.02435442	0.02530399	0.04784039	0.14784186	0.25949827	0.35589419	0.13926688	
  0.15350000	0.02446243	0.02536486	0.04811316	0.14785590	0.25915858	0.35550755	0.13953752	
  0.15400000	0.02456949	0.02542689	0.04838618	0.14787341	0.25883173	0.35510611	0.13980620	
  0.15450000	0.02467557	0.02549009	0.04865944	0.14789439	0.25851762	0.35468998	0.14007292	
  0.15500000	0.02478070	0.02555445	0.04893293	0.14791883	0.25821614	0.35425925	0.14033770	
  0.15550000	0.02488485	0.02561997	0.04920664	0.14794676	0.25792719	0.35381405	0.14060054	
  0.15600000	0.02498803	0.02568664	0.04948058	0.14797817	0.25765065	0.35335449	0.14086144	
  0.15650000	0.02509025	0.02575445	0.04975473	0.14801306	0.25738640	0.35288070	0.14112041	
  0.15700000	0.02519149	0.02582341	0.05002910	0.14805143	0.25713431	0.35239281	0.14137746	
  0.15750000	0.02529175	0.02589349	0.05030366	0.14809328	0.25689427	0.35189096	0.14163259	
  0.15800000	0.02539105	0.02596469	0.05057842	0.14813861	0.25666614	0.35137528	0.14188581	
  0.15850000	0.02548938	0.02603701	0.05085338	0.14818742	0.25644978	0.35084592	0.14213712	
  0.15900000	0.02558674	0.02611043	0.05112852	0.14823969	0.25624505	0.35030303	0.14238653	
  0.15950000	0.02568313	0.02618495	0.05140385	0.14829544	0.25605180	0.34974678	0.14263405	
  0.16000000	0.02577856	0.02626055	0.05167935	0.14835465	0.25586990	0.34917732	0.14287967	
  0.16050000	0.02587304	0.02633722	0.05195502	0.14841730	0.25569919	0.34859483	0.14312340	
  0.16100000	0.02596656	0.02641495	0.05223087	0.14848340	0.25553951	0.34799946	0.14336525	
  0.16150000	0.02605913	0.02649372	0.05250687	0.14855294	0.25539071	0.34739140	0.14360523	
  0.16200000	0.02615075	0.02657353	0.05278304	0.14862590	0.25525262	0.34677082	0.14384333	
  0.16250000	0.02624144	0.02665436	0.05305936	0.14870227	0.25512509	0.34613792	0.14407956	
  0.16300000	0.02633120	0.02673619	0.05333584	0.14878203	0.25500793	0.34549288	0.14431393	
  0.16350000	0.02642003	0.02681901	0.05361246	0.14886519	0.25490099	0.34483588	0.14454644	
  0.16400000	0.02650794	0.02690281	0.05388923	0.14895171	0.25480409	0.34416714	0.14477709	
  0.16450000	0.02659495	0.02698757	0.05416614	0.14904158	0.25471705	0.34348684	0.14500589	
  0.16500000	0.02668105	0.02707326	0.05444318	0.14913479	0.25463969	0.34279518	0.14523284	
  0.16550000	0.02676627	0.02715989	0.05472036	0.14923132	0.25457184	0.34209239	0.14545794	
  0.16600000	0.02685059	0.02724741	0.05499768	0.14933114	0.25451331	0.34137866	0.14568121	
  0.16650000	0.02693405	0.02733583	0.05527512	0.14943425	0.25446391	0.34065420	0.14590263	
  0.16700000	0.02701664	0.02742512	0.05555269	0.14954061	0.25442346	0.33991924	0.14612223	
  0.16750000	0.02709838	0.02751526	0.05583038	0.14965021	0.25439177	0.33917399	0.14633999	
  0.16800000	0.02717928	0.02760623	0.05610820	0.14976303	0.25436865	0.33841868	0.14655593	
  0.16850000	0.02725935	0.02769802	0.05638614	0.14987903	0.25435390	0.33765351	0.14677005	
  0.16900000	0.02733860	0.02779059	0.05666419	0.14999820	0.25434734	0.33687873	0.14698235	
  0.16950000	0.02741704	0.02788394	0.05694236	0.15012051	0.25434876	0.33609455	0.14719283	
  0.17000000	0.02749469	0.02797804	0.05722065	0.15024594	0.25435797	0.33530122	0.14740150	
  0.17050000	0.02757156	0.02807287	0.05749904	0.15037445	0.25437476	0.33449895	0.14760836	
  0.17100000	0.02764765	0.02816841	0.05777755	0.15050602	0.25439895	0.33368799	0.14781342	
  0.17150000	0.02772300	0.02826464	0.05805617	0.15064062	0.25443033	0.33286856	0.14801668	
  0.17200000	0.02779760	0.02836153	0.05833490	0.15077822	0.25446870	0.33204091	0.14821814	
  0.17250000	0.02787148	0.02845906	0.05861373	0.15091880	0.25451386	0.33120527	0.14841781	
  0.17300000	0.02794464	0.02855721	0.05889268	0.15106230	0.25456560	0.33036188	0.14861569	
  0.17350000	0.02801711	0.02865595	0.05917172	0.15120872	0.25462373	0.32951099	0.14881178	
  0.17400000	0.02808889	0.02875527	0.05945088	0.15135801	0.25468803	0.32865283	0.14900609	
  0.17450000	0.02816001	0.02885514	0.05973013	0.15151014	0.25475831	0.32778764	0.14919863	
  0.17500000	0.02823047	0.02895553	0.06000950	0.15166508	0.25483437	0.32691567	0.14938939	
  0.17550000	0.02830029	0.02905643	0.06028896	0.15182279	0.25491599	0.32603717	0.14957838	
  0.17600000	0.02836949	0.02915781	0.06056853	0.15198323	0.25500298	0.32515236	0.14976560	
  0.17650000	0.02843809	0.02925964	0.06084820	0.15214637	0.25509513	0.32426151	0.14995107	
  0.17700000	0.02850610	0.02936190	0.06112797	0.15231217	0.25519223	0.32336485	0.15013478	
  0.17750000	0.02857353	0.02946457	0.06140785	0.15248060	0.25529409	0.32246263	0.15031673	
  0.17800000	0.02864041	0.02956761	0.06168782	0.15265161	0.25540051	0.32155509	0.15049695	
  0.17850000	0.02870674	0.02967102	0.06196790	0.15282517	0.25551127	0.32064248	0.15067542	
  0.17900000	0.02877255	0.02977476	0.06224808	0.15300123	0.25562619	0.31972504	0.15085215	
  0.17950000	0.02883786	0.02987881	0.06252837	0.15317976	0.25574505	0.31880300	0.15102715	
  0.18000000	0.02890267	0.02998314	0.06280876	0.15336072	0.25586766	0.31787663	0.15120043	
  0.18050000	0.02896701	0.03008773	0.06308924	0.15354406	0.25599382	0.31694615	0.15137198	
  0.18100000	0.02903090	0.03019255	0.06336984	0.15372975	0.25612334	0.31601181	0.15154182	
  0.18150000	0.02909434	0.03029759	0.06365053	0.15391773	0.25625601	0.31507385	0.15170995	
  0.18200000	0.02915737	0.03040280	0.06393133	0.15410797	0.25639164	0.31413251	0.15187638	
  0.18250000	0.02921998	0.03050819	0.06421224	0.15430043	0.25653003	0.31318802	0.15204112	
  0.18300000	0.02928222	0.03061370	0.06449325	0.15449505	0.25667100	0.31224063	0.15220416	
  0.18350000	0.02934408	0.03071933	0.06477436	0.15469180	0.25681434	0.31129057	0.15236552	
  0.18400000	0.02940558	0.03082505	0.06505558	0.15489063	0.25695988	0.31033807	0.15252520	
  0.18450000	0.02946676	0.03093083	0.06533691	0.15509149	0.25710742	0.30938337	0.15268321	
  0.18500000	0.02952761	0.03103665	0.06561834	0.15529435	0.25725678	0.30842670	0.15283957	
  0.18550000	0.02958817	0.03114249	0.06589988	0.15549915	0.25740777	0.30746829	0.15299426	
  0.18600000	0.02964844	0.03124831	0.06618153	0.15570584	0.25756020	0.30650836	0.15314731	
  0.18650000	0.02970844	0.03135411	0.06646329	0.15591439	0.25771390	0.30554715	0.15329872	
  0.18700000	0.02976819	0.03145985	0.06674516	0.15612474	0.25786868	0.30458488	0.15344850	
  0.18750000	0.02982771	0.03156551	0.06702713	0.15633685	0.25802437	0.30362176	0.15359666	
  0.18800000	0.02988702	0.03167107	0.06730922	0.15655067	0.25818079	0.30265802	0.15374320	
  0.18850000	0.02994613	0.03177651	0.06759141	0.15676615	0.25833778	0.30169388	0.15388814	
  0.18900000	0.03000506	0.03188180	0.06787372	0.15698325	0.25849515	0.30072955	0.15403148	
  0.18950000	0.03006382	0.03198692	0.06815614	0.15720191	0.25865273	0.29976525	0.15417323	
  0.19000000	0.03012243	0.03209185	0.06843867	0.15742208	0.25881037	0.29880118	0.15431341	
  0.19050000	0.03018092	0.03219657	0.06872131	0.15764373	0.25896790	0.29783756	0.15445201	
  0.19100000	0.03023929	0.03230105	0.06900407	0.15786680	0.25912515	0.29687459	0.15458906	
  0.19150000	0.03029756	0.03240527	0.06928694	0.15809124	0.25928196	0.29591247	0.15472456	
  0.19200000	0.03035574	0.03250922	0.06956992	0.15831700	0.25943818	0.29495140	0.15485852	
  0.19250000	0.03041387	0.03261286	0.06985302	0.15854404	0.25959366	0.29399159	0.15499096	
  0.19300000	0.03047194	0.03271619	0.07013623	0.15877230	0.25974823	0.29303323	0.15512188	
  0.19350000	0.03052998	0.03281918	0.07041956	0.15900174	0.25990175	0.29207650	0.15525129	
  0.19400000	0.03058799	0.03292181	0.07070300	0.15923231	0.26005408	0.29112160	0.15537920	
  0.19450000	0.03064601	0.03302406	0.07098656	0.15946396	0.26020506	0.29016871	0.15550564	
  0.19500000	0.03070403	0.03312592	0.07127023	0.15969663	0.26035457	0.28921803	0.15563060	
  0.19550000	0.03076209	0.03322735	0.07155402	0.15993029	0.26050244	0.28826971	0.15575410	
  0.19600000	0.03082018	0.03332835	0.07183792	0.16016488	0.26064856	0.28732396	0.15587615	
  0.19650000	0.03087833	0.03342890	0.07212194	0.16040035	0.26079279	0.28638093	0.15599676	
  0.19700000	0.03093655	0.03352897	0.07240608	0.16063665	0.26093499	0.28544080	0.15611595	
  0.19750000	0.03099486	0.03362856	0.07269033	0.16087375	0.26107504	0.28450374	0.15623373	
  0.19800000	0.03105327	0.03372764	0.07297469	0.16111158	0.26121281	0.28356991	0.15635011	
  0.19850000	0.03111179	0.03382619	0.07325917	0.16135010	0.26134818	0.28263947	0.15646511	
  0.19900000	0.03117043	0.03392421	0.07354376	0.16158926	0.26148104	0.28171258	0.15657873	
  0.19950000	0.03122922	0.03402167	0.07382847	0.16182901	0.26161126	0.28078939	0.15669099	
  0.20000000	0.03128815	0.03411856	0.07411330	0.16206931	0.26173872	0.27987006	0.15680190	
  0.20050000	0.03134726	0.03421486	0.07439823	0.16231011	0.26186333	0.27895472	0.15691148	
  0.20100000	0.03140654	0.03431056	0.07468328	0.16255136	0.26198497	0.27804354	0.15701974	
  0.20150000	0.03146601	0.03440564	0.07496845	0.16279302	0.26210354	0.27713664	0.15712670	
  0.20200000	0.03152569	0.03450010	0.07525372	0.16303503	0.26221893	0.27623416	0.15723236	
  0.20250000	0.03158558	0.03459391	0.07553910	0.16327736	0.26233105	0.27533625	0.15733675	
  0.20300000	0.03164570	0.03468706	0.07582460	0.16351995	0.26243980	0.27444301	0.15743987	
  0.20350000	0.03170606	0.03477955	0.07611021	0.16376276	0.26254508	0.27355460	0.15754174	
  0.20400000	0.03176667	0.03487135	0.07639592	0.16400575	0.26264681	0.27267112	0.15764238	
  0.20450000	0.03182753	0.03496246	0.07668174	0.16424887	0.26274490	0.27179269	0.15774180	
  0.20500000	0.03188867	0.03505287	0.07696767	0.16449207	0.26283927	0.27091944	0.15784001	
  0.20550000	0.03195009	0.03514255	0.07725371	0.16473532	0.26292983	0.27005147	0.15793703	
  0.20600000	0.03201180	0.03523151	0.07753984	0.16497856	0.26301650	0.26918890	0.15803287	
  0.20650000	0.03207381	0.03531973	0.07782609	0.16522176	0.26309922	0.26833183	0.15812756	
  0.20700000	0.03213614	0.03540720	0.07811243	0.16546488	0.26317790	0.26748036	0.15822109	
  0.20750000	0.03219878	0.03549392	0.07839888	0.16570786	0.26325248	0.26663459	0.15831350	
  0.20800000	0.03226175	0.03557987	0.07868543	0.16595066	0.26332289	0.26579461	0.15840479	
  0.20850000	0.03232506	0.03566504	0.07897207	0.16619326	0.26338907	0.26496052	0.15849497	
  0.20900000	0.03238872	0.03574943	0.07925881	0.16643560	0.26345096	0.26413240	0.15858408	
  0.20950000	0.03245273	0.03583303	0.07954565	0.16667765	0.26350849	0.26331034	0.15867211	
  0.21000000	0.03251710	0.03591583	0.07983258	0.16691936	0.26356162	0.26249442	0.15875909	
  0.21050000	0.03258184	0.03599783	0.08011960	0.16716069	0.26361030	0.26168472	0.15884502	
  0.21100000	0.03264696	0.03607901	0.08040671	0.16740162	0.26365446	0.26088131	0.15892994	
  0.21150000	0.03271247	0.03615937	0.08069391	0.16764209	0.26369407	0.26008425	0.15901384	
  0.21200000	0.03277836	0.03623891	0.08098120	0.16788207	0.26372909	0.25929362	0.15909675	
  0.21250000	0.03284465	0.03631762	0.08126857	0.16812153	0.26375946	0.25850949	0.15917868	
  0.21300000	0.03291135	0.03639549	0.08155603	0.16836042	0.26378516	0.25773190	0.15925965	
  0.21350000	0.03297845	0.03647252	0.08184356	0.16859872	0.26380615	0.25696092	0.15933968	
  0.21400000	0.03304597	0.03654871	0.08213118	0.16883638	0.26382239	0.25619660	0.15941877	
  0.21450000	0.03311391	0.03662406	0.08241887	0.16907337	0.26383385	0.25543899	0.15949694	
  0.21500000	0.03318228	0.03669855	0.08270664	0.16930966	0.26384052	0.25468814	0.15957421	
  0.21550000	0.03325107	0.03677219	0.08299448	0.16954521	0.26384236	0.25394409	0.15965060	
  0.21600000	0.03332030	0.03684497	0.08328239	0.16978000	0.26383935	0.25320688	0.15972611	
  0.21650000	0.03338997	0.03691689	0.08357037	0.17001398	0.26383147	0.25247655	0.15980077	
  0.21700000	0.03346008	0.03698795	0.08385842	0.17024712	0.26381870	0.25175313	0.15987459	
  0.21750000	0.03353064	0.03705815	0.08414653	0.17047940	0.26380104	0.25103665	0.15994759	
  0.21800000	0.03360165	0.03712748	0.08443471	0.17071079	0.26377846	0.25032714	0.16001977	
  0.21850000	0.03367311	0.03719595	0.08472294	0.17094125	0.26375097	0.24962463	0.16009116	
  0.21900000	0.03374502	0.03726355	0.08501123	0.17117076	0.26371854	0.24892913	0.16016177	
