  0.00000000	0.00000000	0.00000000	0.00000000	0.00000000	0.00000000	1.00000000	0.00000000	
  0.00150000	0.00001499	0.00001113	0.00000736	0.00002320	0.00052523	0.99929219	0.00012589	
  0.00300000	0.00005984	0.00004444	0.00002934	0.00009388	0.00209404	0.99717629	0.00050220	
  0.00450000	0.00013415	0.00009973	0.00006565	0.00021530	0.00468617	0.99367398	0.00112499	
  0.00600000	0.00023728	0.00017670	0.00011585	0.00039270	0.00826874	0.98882091	0.00198782	
  0.00750000	0.00036838	0.00027490	0.00017933	0.00063314	0.01279729	0.98266494	0.00308202	
  0.00900000	0.00052637	0.00039378	0.00025542	0.00094515	0.01821706	0.97526538	0.00439682	
  0.01050000	0.00071003	0.00053269	0.00034334	0.00133839	0.02446443	0.96669137	0.00591974	
  0.01200000	0.00091797	0.00069088	0.00044237	0.00182330	0.03146850	0.95702022	0.00763675	
  0.01350000	0.00114869	0.00086750	0.00055177	0.00241068	0.03915277	0.94633591	0.00953268	
  0.01500000	0.00140060	0.00106162	0.00067094	0.00311128	0.04743681	0.93472731	0.01159145	
  0.01650000	0.00167205	0.00127225	0.00079939	0.00393547	0.05623792	0.92228651	0.01379642	
  0.01800000	0.00196138	0.00149831	0.00093679	0.00489287	0.06547268	0.90910727	0.01613069	
  0.01950000	0.00226692	0.00173869	0.00108306	0.00599206	0.07505840	0.89528358	0.01857730	
  0.02100000	0.00258700	0.00199221	0.00123829	0.00724037	0.08491442	0.88090813	0.02111955	
  0.02250000	0.00292004	0.00225770	0.00140287	0.00864367	0.09496321	0.86607134	0.02374119	
  0.02400000	0.00326447	0.00253393	0.00157738	0.01020628	0.10513131	0.85086006	0.02642659	
  0.02550000	0.00361885	0.00281968	0.00176270	0.01193087	0.11535008	0.83535695	0.02916088	
  0.02700000	0.00398177	0.00311374	0.00195989	0.01381848	0.12555616	0.81963986	0.03193009	
  0.02850000	0.00435196	0.00341488	0.00217027	0.01586855	0.13569196	0.80378115	0.03472123	
  0.03000000	0.00472824	0.00372194	0.00239533	0.01807900	0.14570574	0.78784740	0.03752232	
  0.03150000	0.00510951	0.00403375	0.00263673	0.02044630	0.15555181	0.77189946	0.04032243	
  0.03300000	0.00549479	0.00434920	0.00289626	0.02296568	0.16519026	0.75599211	0.04311172	
  0.03450000	0.00588320	0.00466721	0.00317581	0.02563120	0.17458698	0.74017423	0.04588135	
  0.03600000	0.00627395	0.00498677	0.00347737	0.02843596	0.18371329	0.72448915	0.04862352	
  0.03750000	0.00666635	0.00530690	0.00380292	0.03137225	0.19254564	0.70897454	0.05133142	
  0.03900000	0.00705979	0.00562670	0.00415447	0.03443168	0.20106524	0.69366300	0.05399913	
  0.04050000	0.00745373	0.00594531	0.00453401	0.03760540	0.20925769	0.67858225	0.05662160	
  0.04200000	0.00784771	0.00626197	0.00494347	0.04088420	0.21711253	0.66375548	0.05919461	
  0.04350000	0.00824134	0.00657594	0.00538471	0.04425865	0.22462285	0.64920187	0.06171465	
  0.04500000	0.00863429	0.00688657	0.00585947	0.04771922	0.23178484	0.63493675	0.06417890	
  0.04650000	0.00902627	0.00719326	0.00636939	0.05125640	0.23859745	0.62097210	0.06658515	
  0.04800000	0.00941703	0.00749550	0.00691597	0.05486079	0.24506201	0.60731697	0.06893174	
  0.04950000	0.00980640	0.00779281	0.00750058	0.05852316	0.25118184	0.59397769	0.07121752	
  0.05100000	0.01019419	0.00808480	0.00812442	0.06223453	0.25696197	0.58095831	0.07344175	
  0.05250000	0.01058027	0.00837111	0.00878852	0.06598625	0.26240885	0.56826091	0.07560411	
  0.05400000	0.01096452	0.00865147	0.00949376	0.06976996	0.26753002	0.55588567	0.07770459	
  0.05550000	0.01134687	0.00892563	0.01024086	0.07357773	0.27233395	0.54383147	0.07974350	
  0.05700000	0.01172722	0.00919343	0.01103036	0.07740199	0.27682984	0.53209579	0.08172140	
  0.05850000	0.01210552	0.00945473	0.01186264	0.08123557	0.28102735	0.52067512	0.08363907	
  0.06000000	0.01248172	0.00970944	0.01273792	0.08507174	0.28493658	0.50956511	0.08549748	
  0.06150000	0.01285578	0.00995753	0.01365628	0.08890416	0.28856778	0.49876073	0.08729775	
  0.06300000	0.01322765	0.01019899	0.01461765	0.09272695	0.29193133	0.48825628	0.08904114	
  0.06450000	0.01359732	0.01043387	0.01562180	0.09653457	0.29503772	0.47804570	0.09072903	
  0.06600000	0.01396474	0.01066223	0.01666842	0.10032192	0.29789725	0.46812257	0.09236286	
  0.06750000	0.01432991	0.01088418	0.01775703	0.10408428	0.30052018	0.45848024	0.09394416	
  0.06900000	0.01469279	0.01109984	0.01888709	0.10781729	0.30291659	0.44911191	0.09547450	
  0.07050000	0.01505338	0.01130935	0.02005792	0.11151695	0.30509633	0.44001058	0.09695549	
  0.07200000	0.01541164	0.01151290	0.02126878	0.11517961	0.30706900	0.43116930	0.09838877	
  0.07350000	0.01576757	0.01171067	0.02251883	0.11880191	0.30884394	0.42258111	0.09977598	
  0.07500000	0.01612115	0.01190286	0.02380719	0.12238083	0.31043020	0.41423899	0.10111877	
  0.07650000	0.01647235	0.01208968	0.02513289	0.12591365	0.31183657	0.40613610	0.10241877	
  0.07800000	0.01682117	0.01227136	0.02649494	0.12939788	0.31307149	0.39826554	0.10367762	
  0.07950000	0.01716759	0.01244811	0.02789228	0.13283135	0.31414309	0.39062068	0.10489691	
  0.08100000	0.01751159	0.01262017	0.02932384	0.13621208	0.31505924	0.38319486	0.10607821	
  0.08250000	0.01785316	0.01278777	0.03078850	0.13953838	0.31582749	0.37598160	0.10722308	
  0.08400000	0.01819228	0.01295114	0.03228516	0.14280872	0.31645510	0.36897460	0.10833301	
  0.08550000	0.01852894	0.01311051	0.03381266	0.14602181	0.31694901	0.36216760	0.10940947	
  0.08700000	0.01886313	0.01326609	0.03536987	0.14917655	0.31731591	0.35555458	0.11045388	
  0.08850000	0.01919484	0.01341810	0.03695564	0.15227202	0.31756219	0.34912959	0.11146761	
  0.09000000	0.01952405	0.01356676	0.03856884	0.15530743	0.31769401	0.34288689	0.11245200	
  0.09150000	0.01985075	0.01371227	0.04020832	0.15828222	0.31771725	0.33682087	0.11340832	
  0.09300000	0.02017493	0.01385482	0.04187296	0.16119592	0.31763753	0.33092603	0.11433780	
  0.09450000	0.02049659	0.01399460	0.04356166	0.16404821	0.31746027	0.32519707	0.11524162	
  0.09600000	0.02081571	0.01413178	0.04527332	0.16683890	0.31719062	0.31962875	0.11612090	
  0.09750000	0.02113230	0.01426655	0.04700685	0.16956793	0.31683356	0.31421608	0.11697674	
  0.09900000	0.02144634	0.01439904	0.04876121	0.17223534	0.31639379	0.30895412	0.11781015	
  0.10050000	0.02175783	0.01452942	0.05053536	0.17484125	0.31587589	0.30383813	0.11862210	
  0.10200000	0.02206677	0.01465782	0.05232828	0.17738594	0.31528419	0.29886347	0.11941354	
  0.10350000	0.02237316	0.01478438	0.05413898	0.17986968	0.31462285	0.29402563	0.12018534	
  0.10500000	0.02267700	0.01490922	0.05596650	0.18229291	0.31389582	0.28932023	0.12093832	
  0.10650000	0.02297829	0.01503245	0.05780988	0.18465608	0.31310695	0.28474304	0.12167330	
  0.10800000	0.02327703	0.01515417	0.05966821	0.18695974	0.31225991	0.28028995	0.12239099	
  0.10950000	0.02357322	0.01527450	0.06154060	0.18920448	0.31135812	0.27595696	0.12309211	
  0.11100000	0.02386688	0.01539352	0.06342615	0.19139098	0.31040496	0.27174020	0.12377732	
  0.11250000	0.02415801	0.01551131	0.06532403	0.19351991	0.30940360	0.26763591	0.12444723	
  0.11400000	0.02444662	0.01562796	0.06723340	0.19559203	0.30835712	0.26364046	0.12510242	
  0.11550000	0.02473271	0.01574354	0.06915346	0.19760814	0.30726841	0.25975028	0.12574343	
  0.11700000	0.02501631	0.01585812	0.07108342	0.19956906	0.30614030	0.25596201	0.12637079	
  0.11850000	0.02529741	0.01597175	0.07302251	0.20147564	0.30497542	0.25227231	0.12698495	
  0.12000000	0.02557605	0.01608451	0.07497001	0.20332874	0.30377635	0.24867797	0.12758638	
  0.12150000	0.02585223	0.01619645	0.07692518	0.20512928	0.30254549	0.24517590	0.12817548	
  0.12300000	0.02612596	0.01630761	0.07888732	0.20687819	0.30128518	0.24176310	0.12875263	
  0.12450000	0.02639728	0.01641805	0.08085575	0.20857638	0.29999766	0.23843668	0.12931821	
  0.12600000	0.02666619	0.01652781	0.08282981	0.21022482	0.29868501	0.23519383	0.12987252	
  0.12750000	0.02693272	0.01663693	0.08480885	0.21182446	0.29734930	0.23203184	0.13041590	
  0.12900000	0.02719689	0.01674546	0.08679224	0.21337628	0.29599243	0.22894809	0.13094863	
  0.13050000	0.02745872	0.01685342	0.08877937	0.21488124	0.29461622	0.22594005	0.13147096	
  0.13200000	0.02771824	0.01696085	0.09076967	0.21634033	0.29322246	0.22300526	0.13198318	
  0.13350000	0.02797548	0.01706779	0.09276254	0.21775451	0.29181281	0.22014141	0.13248546	
  0.13500000	0.02823045	0.01717426	0.09475744	0.21912478	0.29038882	0.21734619	0.13297807	
  0.13650000	0.02848319	0.01728030	0.09675382	0.22045207	0.28895205	0.21461740	0.13346118	
  0.13800000	0.02873372	0.01738592	0.09875116	0.22173738	0.28750390	0.21195294	0.13393496	
  0.13950000	0.02898207	0.01749116	0.10074895	0.22298168	0.28604579	0.20935075	0.13439962	
  0.14100000	0.02922827	0.01759603	0.10274669	0.22418590	0.28457895	0.20680887	0.13485529	
  0.14250000	0.02947236	0.01770057	0.10474391	0.22535099	0.28310466	0.20432539	0.13530211	
  0.14400000	0.02971436	0.01780478	0.10674014	0.22647789	0.28162411	0.20189849	0.13574025	
  0.14550000	0.02995430	0.01790869	0.10873494	0.22756754	0.28013834	0.19952637	0.13616981	
  0.14700000	0.03019221	0.01801232	0.11072787	0.22862083	0.27864850	0.19720738	0.13659093	
  0.14850000	0.03042814	0.01811567	0.11271852	0.22963867	0.27715549	0.19493982	0.13700369	
  0.15000000	0.03066210	0.01821877	0.11470647	0.23062195	0.27566031	0.19272216	0.13740823	
  0.15150000	0.03089413	0.01832163	0.11669134	0.23157156	0.27416387	0.19055285	0.13780464	
  0.15300000	0.03112427	0.01842425	0.11867274	0.23248833	0.27266699	0.18843041	0.13819300	
  0.15450000	0.03135254	0.01852666	0.12065032	0.23337314	0.27117047	0.18635345	0.13857342	
  0.15600000	0.03157898	0.01862885	0.12262372	0.23422681	0.26967508	0.18432058	0.13894597	
  0.15750000	0.03180363	0.01873085	0.12459260	0.23505016	0.26818153	0.18233052	0.13931073	
  0.15900000	0.03202651	0.01883264	0.12655663	0.23584399	0.26669049	0.18038197	0.13966779	
  0.16050000	0.03224766	0.01893425	0.12851551	0.23660907	0.26520258	0.17847371	0.14001721	
  0.16200000	0.03246710	0.01903567	0.13046892	0.23734622	0.26371843	0.17660458	0.14035909	
  0.16350000	0.03268488	0.01913691	0.13241658	0.23805614	0.26223856	0.17477345	0.14069346	
  0.16500000	0.03290102	0.01923798	0.13435818	0.23873961	0.26076356	0.17297922	0.14102042	
  0.16650000	0.03311556	0.01933887	0.13629352	0.23939735	0.25929385	0.17122084	0.14134003	
  0.16800000	0.03332852	0.01943959	0.13822226	0.24003004	0.25782996	0.16949727	0.14165235	
  0.16950000	0.03353994	0.01954013	0.14014421	0.24063841	0.25637230	0.16780756	0.14195745	
  0.17100000	0.03374984	0.01964051	0.14205912	0.24122311	0.25492126	0.16615076	0.14225538	
  0.17250000	0.03395826	0.01974071	0.14396676	0.24178481	0.25347725	0.16452597	0.14254622	
  0.17400000	0.03416523	0.01984074	0.14586690	0.24232417	0.25204062	0.16293229	0.14283004	
  0.17550000	0.03437077	0.01994060	0.14775936	0.24284182	0.25061169	0.16136888	0.14310689	
  0.17700000	0.03457491	0.02004028	0.14964391	0.24333836	0.24919076	0.15983494	0.14337683	
  0.17850000	0.03477768	0.02013979	0.15152040	0.24381441	0.24777815	0.15832965	0.14363994	
  0.18000000	0.03497910	0.02023911	0.15338860	0.24427055	0.24637409	0.15685229	0.14389625	
  0.18150000	0.03517922	0.02033825	0.15524839	0.24470735	0.24497885	0.15540209	0.14414588	
  0.18300000	0.03537804	0.02043721	0.15709956	0.24512535	0.24359263	0.15397836	0.14438882	
  0.18450000	0.03557559	0.02053598	0.15894198	0.24552515	0.24221568	0.15258043	0.14462520	
  0.18600000	0.03577190	0.02063455	0.16077550	0.24590723	0.24084815	0.15120761	0.14485507	
  0.18750000	0.03596699	0.02073293	0.16259997	0.24627213	0.23949026	0.14985926	0.14507847	
  0.18900000	0.03616089	0.02083110	0.16441527	0.24662034	0.23814212	0.14853480	0.14529547	
  0.19050000	0.03635362	0.02092908	0.16622125	0.24695238	0.23680390	0.14723361	0.14550616	
  0.19200000	0.03654519	0.02102685	0.16801782	0.24726871	0.23547575	0.14595510	0.14571059	
  0.19350000	0.03673564	0.02112441	0.16980484	0.24756978	0.23415777	0.14469872	0.14590883	
  0.19500000	0.03692499	0.02122175	0.17158222	0.24785608	0.23285006	0.14346395	0.14610095	
  0.19650000	0.03711324	0.02131888	0.17334986	0.24812801	0.23155273	0.14225027	0.14628701	
  0.19800000	0.03730043	0.02141578	0.17510764	0.24838604	0.23026586	0.14105715	0.14646709	
  0.19950000	0.03748658	0.02151247	0.17685550	0.24863058	0.22898951	0.13988413	0.14664124	
  0.20100000	0.03767169	0.02160892	0.17859335	0.24886203	0.22772376	0.13873070	0.14680956	
  0.20250000	0.03785579	0.02170515	0.18032110	0.24908078	0.22646865	0.13759644	0.14697209	
  0.20400000	0.03803890	0.02180114	0.18203869	0.24928722	0.22522424	0.13648090	0.14712892	
  0.20550000	0.03822104	0.02189690	0.18374604	0.24948172	0.22399056	0.13538362	0.14728011	
  0.20700000	0.03840221	0.02199242	0.18544310	0.24966468	0.22276764	0.13430423	0.14742574	
  0.20850000	0.03858244	0.02208770	0.18712980	0.24983642	0.22155549	0.13324229	0.14756587	
  0.21000000	0.03876175	0.02218273	0.18880609	0.24999729	0.22035412	0.13219742	0.14770058	
  0.21150000	0.03894014	0.02227752	0.19047192	0.25014764	0.21916357	0.13116926	0.14782993	
  0.21300000	0.03911763	0.02237207	0.19212724	0.25028780	0.21798381	0.13015743	0.14795402	
  0.21450000	0.03929425	0.02246637	0.19377202	0.25041807	0.21681485	0.12916155	0.14807290	
  0.21600000	0.03946999	0.02256042	0.19540621	0.25053877	0.21565667	0.12818131	0.14818664	
  0.21750000	0.03964488	0.02265421	0.19702978	0.25065020	0.21450925	0.12721635	0.14829531	
  0.21900000	0.03981893	0.02274776	0.19864272	0.25075263	0.21337259	0.12626638	0.14839901	
  0.22050000	0.03999215	0.02284105	0.20024498	0.25084639	0.21224664	0.12533103	0.14849779	
  0.22200000	0.04016455	0.02293409	0.20183653	0.25093171	0.21113138	0.12441002	0.14859171	
  0.22350000	0.04033615	0.02302687	0.20341738	0.25100890	0.21002677	0.12350305	0.14868087	
  0.22500000	0.04050696	0.02311940	0.20498748	0.25107822	0.20893280	0.12260983	0.14876533	
  0.22650000	0.04067698	0.02321167	0.20654684	0.25113988	0.20784940	0.12173008	0.14884517	
  0.22800000	0.04084624	0.02330368	0.20809545	0.25119415	0.20677651	0.12086353	0.14892045	
  0.22950000	0.04101473	0.02339544	0.20963329	0.25124127	0.20571414	0.12000989	0.14899124	
  0.23100000	0.04118248	0.02348694	0.21116036	0.25128150	0.20466217	0.11916893	0.14905763	
  0.23250000	0.04134949	0.02357818	0.21267667	0.25131503	0.20362060	0.11834037	0.14911966	
  0.23400000	0.04151577	0.02366917	0.21418221	0.25134209	0.20258935	0.11752399	0.14917745	
  0.23550000	0.04168133	0.02375990	0.21567698	0.25136289	0.20156835	0.11671954	0.14923102	
  0.23700000	0.04184619	0.02385037	0.21716098	0.25137764	0.20055756	0.11592678	0.14928047	
  0.23850000	0.04201034	0.02394058	0.21863425	0.25138655	0.19955692	0.11514549	0.14932586	
  0.24000000	0.04217381	0.02403054	0.22009677	0.25138980	0.19856635	0.11437545	0.14936727	
  0.24150000	0.04233660	0.02412025	0.22154856	0.25138763	0.19758578	0.11361644	0.14940476	
  0.24300000	0.04249871	0.02420969	0.22298963	0.25138015	0.19661516	0.11286826	0.14943840	
  0.24450000	0.04266016	0.02429888	0.22442001	0.25136760	0.19565439	0.11213070	0.14946826	
  0.24600000	0.04282095	0.02438782	0.22583970	0.25135010	0.19470344	0.11140356	0.14949441	
  0.24750000	0.04298110	0.02447650	0.22724874	0.25132787	0.19376221	0.11068664	0.14951691	
  0.24900000	0.04314061	0.02456493	0.22864716	0.25130105	0.19283064	0.10997977	0.14953585	
  0.25050000	0.04329948	0.02465311	0.23003496	0.25126979	0.19190864	0.10928275	0.14955126	
  0.25200000	0.04345773	0.02474103	0.23141217	0.25123426	0.19099616	0.10859540	0.14956324	
  0.25350000	0.04361536	0.02482871	0.23277882	0.25119463	0.19009309	0.10791755	0.14957184	
  0.25500000	0.04377238	0.02491613	0.23413494	0.25115103	0.18919937	0.10724903	0.14957711	
  0.25650000	0.04392881	0.02500330	0.23548058	0.25110358	0.18831493	0.10658966	0.14957915	
  0.25800000	0.04408463	0.02509022	0.23681574	0.25105244	0.18743968	0.10593929	0.14957801	
  0.25950000	0.04423986	0.02517689	0.23814048	0.25099772	0.18657355	0.10529777	0.14957373	
  0.26100000	0.04439452	0.02526332	0.23945481	0.25093958	0.18571647	0.10466491	0.14956640	
  0.26250000	0.04454859	0.02534950	0.24075878	0.25087816	0.18486832	0.10404060	0.14955607	
  0.26400000	0.04470210	0.02543543	0.24205244	0.25081351	0.18402906	0.10342466	0.14954279	
  0.26550000	0.04485504	0.02552111	0.24333580	0.25074583	0.18319860	0.10281696	0.14952666	
  0.26700000	0.04500742	0.02560656	0.24460891	0.25067520	0.18237685	0.10221735	0.14950770	
  0.26850000	0.04515925	0.02569175	0.24587183	0.25060174	0.18156375	0.10162571	0.14948599	
  0.27000000	0.04531054	0.02577671	0.24712458	0.25052553	0.18075919	0.10104188	0.14946158	
  0.27150000	0.04546129	0.02586142	0.24836721	0.25044671	0.17996313	0.10046574	0.14943452	
  0.27300000	0.04561150	0.02594589	0.24959975	0.25036535	0.17917544	0.09989717	0.14940490	
  0.27450000	0.04576118	0.02603012	0.25082228	0.25028157	0.17839608	0.09933603	0.14937274	
  0.27600000	0.04591034	0.02611411	0.25203481	0.25019547	0.17762496	0.09878219	0.14933813	
  0.27750000	0.04605898	0.02619787	0.25323740	0.25010714	0.17686199	0.09823555	0.14930108	
  0.27900000	0.04620711	0.02628138	0.25443009	0.25001666	0.17610708	0.09769598	0.14926168	
  0.28050000	0.04635473	0.02636466	0.25561294	0.24992414	0.17536019	0.09716336	0.14921999	
  0.28200000	0.04650185	0.02644770	0.25678599	0.24982964	0.17462119	0.09663759	0.14917603	
  0.28350000	0.04664847	0.02653051	0.25794929	0.24973324	0.17389005	0.09611855	0.14912988	
  0.28500000	0.04679459	0.02661308	0.25910288	0.24963504	0.17316668	0.09560613	0.14908159	
  0.28650000	0.04694022	0.02669542	0.26024684	0.24953511	0.17245096	0.09510024	0.14903119	
  0.28800000	0.04708537	0.02677753	0.26138118	0.24943353	0.17174286	0.09460075	0.14897875	
  0.28950000	0.04723004	0.02685941	0.26250598	0.24933037	0.17104228	0.09410758	0.14892432	
  0.29100000	0.04737424	0.02694105	0.26362130	0.24922569	0.17034915	0.09362061	0.14886795	
  0.29250000	0.04751796	0.02702247	0.26472718	0.24911958	0.16966338	0.09313977	0.14880967	
  0.29400000	0.04766122	0.02710366	0.26582363	0.24901208	0.16898492	0.09266494	0.14874955	
  0.29550000	0.04780402	0.02718461	0.26691076	0.24890326	0.16831368	0.09219604	0.14868762	
  0.29700000	0.04794636	0.02726535	0.26798862	0.24879320	0.16764957	0.09173297	0.14862393	
  0.29850000	0.04808824	0.02734586	0.26905721	0.24868196	0.16699253	0.09127565	0.14855854	
  0.30000000	0.04822967	0.02742614	0.27011666	0.24856958	0.16634248	0.09082399	0.14849147	
  0.30150000	0.04837066	0.02750620	0.27116698	0.24845612	0.16569936	0.09037789	0.14842279	
  0.30300000	0.04851120	0.02758603	0.27220824	0.24834165	0.16506308	0.08993728	0.14835253	
  0.30450000	0.04865131	0.02766565	0.27324048	0.24822621	0.16443357	0.08950207	0.14828074	
  0.30600000	0.04879098	0.02774504	0.27426374	0.24810985	0.16381076	0.08907218	0.14820746	
  0.30750000	0.04893022	0.02782421	0.27527812	0.24799262	0.16319458	0.08864754	0.14813271	
  0.30900000	0.04906903	0.02790317	0.27628362	0.24787459	0.16258496	0.08822805	0.14805657	
  0.31050000	0.04920742	0.02798190	0.27728036	0.24775578	0.16198182	0.08781366	0.14797905	
  0.31200000	0.04934538	0.02806042	0.27826837	0.24763626	0.16138510	0.08740427	0.14790021	
  0.31350000	0.04948293	0.02813872	0.27924767	0.24751604	0.16079473	0.08699983	0.14782007	
  0.31500000	0.04962007	0.02821681	0.28021836	0.24739519	0.16021064	0.08660024	0.14773868	
  0.31650000	0.04975680	0.02829468	0.28118050	0.24727374	0.15963274	0.08620545	0.14765608	
  0.31800000	0.04989311	0.02837234	0.28213409	0.24715175	0.15906100	0.08581539	0.14757231	
  0.31950000	0.05002903	0.02844978	0.28307924	0.24702923	0.15849534	0.08542998	0.14748739	
  0.32100000	0.05016454	0.02852702	0.28401601	0.24690624	0.15793566	0.08504916	0.14740136	
  0.32250000	0.05029966	0.02860404	0.28494442	0.24678278	0.15738195	0.08467287	0.14731428	
  0.32400000	0.05043438	0.02868086	0.28586453	0.24665894	0.15683410	0.08430103	0.14722615	
  0.32550000	0.05056871	0.02875746	0.28677642	0.24653471	0.15629207	0.08393358	0.14713703	
  0.32700000	0.05070266	0.02883386	0.28768015	0.24641013	0.15575579	0.08357047	0.14704694	
  0.32850000	0.05083622	0.02891005	0.28857577	0.24628524	0.15522517	0.08321163	0.14695591	
  0.33000000	0.05096939	0.02898604	0.28946328	0.24616009	0.15470020	0.08285701	0.14686398	
  0.33150000	0.05110219	0.02906182	0.29034284	0.24603468	0.15418078	0.08250652	0.14677119	
  0.33300000	0.05123461	0.02913740	0.29121441	0.24590904	0.15366685	0.08216014	0.14667755	
  0.33450000	0.05136665	0.02921277	0.29207811	0.24578321	0.15315837	0.08181779	0.14658311	
  0.33600000	0.05149832	0.02928794	0.29293397	0.24565721	0.15265524	0.08147942	0.14648789	
  0.33750000	0.05162963	0.02936291	0.29378203	0.24553107	0.15215744	0.08114498	0.14639193	
  0.33900000	0.05176057	0.02943768	0.29462239	0.24540481	0.15166490	0.08081441	0.14629523	
  0.34050000	0.05189114	0.02951225	0.29545507	0.24527846	0.15117756	0.08048765	0.14619787	
  0.34200000	0.05202136	0.02958663	0.29628012	0.24515204	0.15069535	0.08016467	0.14609982	
  0.34350000	0.05215122	0.02966080	0.29709762	0.24502558	0.15021823	0.07984540	0.14600115	
  0.34500000	0.05228072	0.02973478	0.29790762	0.24489909	0.14974613	0.07952978	0.14590187	
  0.34650000	0.05240987	0.02980857	0.29871017	0.24477260	0.14927900	0.07921779	0.14580201	
  0.34800000	0.05253867	0.02988216	0.29950532	0.24464612	0.14881678	0.07890936	0.14570159	
  0.34950000	0.05266712	0.02995555	0.30029315	0.24451968	0.14835943	0.07860445	0.14560063	
  0.35100000	0.05279522	0.03002875	0.30107367	0.24439329	0.14790687	0.07830301	0.14549917	
  0.35250000	0.05292299	0.03010176	0.30184698	0.24426697	0.14745907	0.07800499	0.14539723	
  0.35400000	0.05305041	0.03017459	0.30261311	0.24414076	0.14701596	0.07771035	0.14529483	
  0.35550000	0.05317749	0.03024721	0.30337211	0.24401464	0.14657749	0.07741904	0.14519200	
  0.35700000	0.05330423	0.03031966	0.30412406	0.24388865	0.14614363	0.07713103	0.14508876	
  0.35850000	0.05343065	0.03039191	0.30486900	0.24376279	0.14571430	0.07684625	0.14498512	
  0.36000000	0.05355673	0.03046397	0.30560696	0.24363710	0.14528945	0.07656468	0.14488113	
  0.36150000	0.05368248	0.03053585	0.30633801	0.24351157	0.14486904	0.07628627	0.14477679	
  0.36300000	0.05380790	0.03060754	0.30706221	0.24338624	0.14445302	0.07601098	0.14467213	
  0.36450000	0.05393299	0.03067905	0.30777961	0.24326108	0.14404134	0.07573877	0.14456715	
  0.36600000	0.05405777	0.03075038	0.30849028	0.24313615	0.14363396	0.07546959	0.14446189	
  0.36750000	0.05418222	0.03082152	0.30919421	0.24301144	0.14323081	0.07520342	0.14435637	
  0.36900000	0.05430635	0.03089247	0.30989152	0.24288698	0.14283186	0.07494020	0.14425062	
  0.37050000	0.05443017	0.03096325	0.31058225	0.24276274	0.14243706	0.07467991	0.14414462	
  0.37200000	0.05455367	0.03103385	0.31126642	0.24263877	0.14204635	0.07442250	0.14403842	
  0.37350000	0.05467686	0.03110427	0.31194413	0.24251507	0.14165969	0.07416794	0.14393204	
  0.37500000	0.05479974	0.03117451	0.31261536	0.24239165	0.14127705	0.07391619	0.14382550	
  0.37650000	0.05492231	0.03124457	0.31328022	0.24226852	0.14089836	0.07366721	0.14371879	
  0.37800000	0.05504457	0.03131445	0.31393877	0.24214569	0.14052361	0.07342098	0.14361195	
  0.37950000	0.05516652	0.03138416	0.31459099	0.24202317	0.14015272	0.07317744	0.14350499	
  0.38100000	0.05528817	0.03145369	0.31523702	0.24190097	0.13978566	0.07293659	0.14339793	
  0.38250000	0.05540952	0.03152305	0.31587681	0.24177907	0.13942239	0.07269836	0.14329077	
  0.38400000	0.05553057	0.03159223	0.31651050	0.24165753	0.13906287	0.07246274	0.14318354	
  0.38550000	0.05565133	0.03166125	0.31713811	0.24153632	0.13870704	0.07222968	0.14307627	
  0.38700000	0.05577178	0.03173009	0.31775966	0.24141547	0.13835488	0.07199917	0.14296895	
  0.38850000	0.05589194	0.03179875	0.31837523	0.24129497	0.13800634	0.07177117	0.14286160	
  0.39000000	0.05601181	0.03186725	0.31898484	0.24117483	0.13766138	0.07154564	0.14275424	
  0.39150000	0.05613139	0.03193558	0.31958857	0.24105507	0.13731997	0.07132255	0.14264688	
  0.39300000	0.05625068	0.03200374	0.32018647	0.24093567	0.13698204	0.07110187	0.14253953	
  0.39450000	0.05636968	0.03207173	0.32077855	0.24081667	0.13664758	0.07088359	0.14243221	
  0.39600000	0.05648839	0.03213955	0.32136488	0.24069804	0.13631654	0.07066765	0.14232494	
  0.39750000	0.05660683	0.03220721	0.32194552	0.24057981	0.13598889	0.07045405	0.14221771	
  0.39900000	0.05672498	0.03227470	0.32252049	0.24046198	0.13566457	0.07024273	0.14211056	
  0.40050000	0.05684284	0.03234203	0.32308987	0.24034454	0.13534357	0.07003369	0.14200346	
  0.40200000	0.05696043	0.03240919	0.32365367	0.24022752	0.13502583	0.06982689	0.14189647	
  0.40350000	0.05707774	0.03247619	0.32421196	0.24011092	0.13471133	0.06962230	0.14178959	
  0.40500000	0.05719477	0.03254303	0.32476476	0.23999472	0.13440003	0.06941989	0.14168280	
  0.40650000	0.05731153	0.03260970	0.32531214	0.23987894	0.13409188	0.06921965	0.14157614	
  0.40800000	0.05742802	0.03267622	0.32585415	0.23976359	0.13378686	0.06902154	0.14146961	
  0.40950000	0.05754424	0.03274257	0.32639083	0.23964867	0.13348494	0.06882554	0.14136322	
  0.41100000	0.05766018	0.03280877	0.32692221	0.23953417	0.13318607	0.06863162	0.14125699	
  0.41250000	0.05777586	0.03287480	0.32744834	0.23942012	0.13289022	0.06843975	0.14115092	
  0.41400000	0.05789126	0.03294068	0.32796925	0.23930649	0.13259736	0.06824992	0.14104502	
  0.41550000	0.05800641	0.03300640	0.32848501	0.23919331	0.13230745	0.06806210	0.14093931	
  0.41700000	0.05812128	0.03307196	0.32899567	0.23908056	0.13202049	0.06787626	0.14083378	
  0.41850000	0.05823590	0.03313737	0.32950124	0.23896827	0.13173640	0.06769238	0.14072846	
  0.42000000	0.05835025	0.03320263	0.33000177	0.23885642	0.13145515	0.06751043	0.14062333	
  0.42150000	0.05846434	0.03326772	0.33049732	0.23874502	0.13117675	0.06733040	0.14051843	
  0.42300000	0.05857818	0.03333267	0.33098793	0.23863408	0.13090114	0.06715225	0.14041375	
  0.42450000	0.05869176	0.03339746	0.33147365	0.23852357	0.13062829	0.06697598	0.14030930	
  0.42600000	0.05880508	0.03346210	0.33195448	0.23841354	0.13035817	0.06680156	0.14020509	
  0.42750000	0.05891815	0.03352658	0.33243048	0.23830394	0.13009076	0.06662895	0.14010112	
  0.42900000	0.05903096	0.03359092	0.33290172	0.23819482	0.12982601	0.06645814	0.13999741	
  0.43050000	0.05914352	0.03365511	0.33336821	0.23808615	0.12956391	0.06628912	0.13989396	
  0.43200000	0.05925583	0.03371914	0.33383003	0.23797794	0.12930442	0.06612186	0.13979077	
  0.43350000	0.05936790	0.03378303	0.33428717	0.23787019	0.12904751	0.06595634	0.13968787	
  0.43500000	0.05947971	0.03384677	0.33473969	0.23776290	0.12879317	0.06579253	0.13958524	
  0.43650000	0.05959127	0.03391036	0.33518761	0.23765607	0.12854135	0.06563043	0.13948290	
  0.43800000	0.05970259	0.03397381	0.33563101	0.23754972	0.12829202	0.06547000	0.13938084	
  0.43950000	0.05981367	0.03403711	0.33606991	0.23744382	0.12804517	0.06531123	0.13927910	
  0.44100000	0.05992451	0.03410026	0.33650434	0.23733838	0.12780076	0.06515411	0.13917765	
  0.44250000	0.06003509	0.03416327	0.33693433	0.23723342	0.12755878	0.06499860	0.13907650	
  0.44400000	0.06014545	0.03422614	0.33735996	0.23712891	0.12731919	0.06484469	0.13897568	
  0.44550000	0.06025556	0.03428886	0.33778125	0.23702487	0.12708195	0.06469236	0.13887517	
  0.44700000	0.06036543	0.03435144	0.33819821	0.23692130	0.12684704	0.06454161	0.13877498	
  0.44850000	0.06047506	0.03441387	0.33861089	0.23681818	0.12661447	0.06439240	0.13867512	
  0.45000000	0.06058446	0.03447617	0.33901936	0.23671554	0.12638417	0.06424471	0.13857560	
  0.45150000	0.06069363	0.03453832	0.33942360	0.23661336	0.12615614	0.06409854	0.13847642	
  0.45300000	0.06080256	0.03460034	0.33982369	0.23651163	0.12593034	0.06395386	0.13837758	
  0.45450000	0.06091126	0.03466221	0.34021965	0.23641039	0.12570676	0.06381066	0.13827907	
  0.45600000	0.06101972	0.03472394	0.34061155	0.23630960	0.12548536	0.06366892	0.13818093	
  0.45750000	0.06112796	0.03478554	0.34099936	0.23620927	0.12526612	0.06352862	0.13808313	
  0.45900000	0.06123596	0.03484700	0.34138316	0.23610941	0.12504904	0.06338975	0.13798569	
  0.46050000	0.06134374	0.03490832	0.34176299	0.23601000	0.12483406	0.06325229	0.13788861	
  0.46200000	0.06145129	0.03496950	0.34213886	0.23591107	0.12462118	0.06311622	0.13779190	
  0.46350000	0.06155862	0.03503055	0.34251079	0.23581259	0.12441037	0.06298152	0.13769555	
  0.46500000	0.06166571	0.03509147	0.34287888	0.23571457	0.12420161	0.06284820	0.13759957	
  0.46650000	0.06177259	0.03515225	0.34324309	0.23561700	0.12399487	0.06271622	0.13750397	
  0.46800000	0.06187924	0.03521289	0.34360352	0.23551990	0.12379014	0.06258556	0.13740873	
  0.46950000	0.06198567	0.03527340	0.34396017	0.23542325	0.12358739	0.06245623	0.13731389	
  0.47100000	0.06209188	0.03533378	0.34431306	0.23532706	0.12338661	0.06232820	0.13721943	
  0.47250000	0.06219787	0.03539402	0.34466222	0.23523133	0.12318776	0.06220146	0.13712534	
  0.47400000	0.06230364	0.03545414	0.34500775	0.23513603	0.12299082	0.06207598	0.13703164	
  0.47550000	0.06240919	0.03551412	0.34534958	0.23504120	0.12279579	0.06195177	0.13693833	
  0.47700000	0.06251453	0.03557397	0.34568784	0.23494683	0.12260263	0.06182880	0.13684541	
  0.47850000	0.06261965	0.03563369	0.34602249	0.23485290	0.12241133	0.06170706	0.13675287	
  0.48000000	0.06272455	0.03569328	0.34635359	0.23475942	0.12222187	0.06158654	0.13666074	
  0.48150000	0.06282924	0.03575274	0.34668118	0.23466638	0.12203423	0.06146721	0.13656901	
  0.48300000	0.06293372	0.03581208	0.34700528	0.23457380	0.12184837	0.06134908	0.13647766	
  0.48450000	0.06303798	0.03587128	0.34732592	0.23448165	0.12166430	0.06123212	0.13638672	
  0.48600000	0.06314203	0.03593036	0.34764317	0.23438995	0.12148198	0.06111633	0.13629618	
  0.48750000	0.06324588	0.03598931	0.34795699	0.23429868	0.12130141	0.06100168	0.13620605	
  0.48900000	0.06334951	0.03604814	0.34826744	0.23420787	0.12112256	0.06088818	0.13611631	
  0.49050000	0.06345294	0.03610684	0.34857455	0.23411748	0.12094541	0.06077579	0.13602698	
  0.49200000	0.06355615	0.03616541	0.34887838	0.23402753	0.12076993	0.06066452	0.13593806	
  0.49350000	0.06365916	0.03622386	0.34917894	0.23393802	0.12059613	0.06055435	0.13584954	
  0.49500000	0.06376196	0.03628219	0.34947622	0.23384894	0.12042398	0.06044526	0.13576142	
  0.49650000	0.06386457	0.03634039	0.34977031	0.23376030	0.12025345	0.06033726	0.13567373	
  0.49800000	0.06396696	0.03639847	0.35006121	0.23367208	0.12008454	0.06023031	0.13558644	
  0.49950000	0.06406915	0.03645642	0.35034895	0.23358430	0.11991722	0.06012442	0.13549955	
  0.50100000	0.06417114	0.03651426	0.35063353	0.23349693	0.11975148	0.06001956	0.13541308	
  0.50250000	0.06427293	0.03657197	0.35091504	0.23341000	0.11958730	0.05991574	0.13532703	
  0.50400000	0.06437451	0.03662956	0.35119346	0.23332348	0.11942466	0.05981293	0.13524137	
  0.50550000	0.06447590	0.03668703	0.35146886	0.23323740	0.11926356	0.05971112	0.13515614	
  0.50700000	0.06457709	0.03674438	0.35174119	0.23315172	0.11910396	0.05961031	0.13507132	
  0.50850000	0.06467807	0.03680161	0.35201058	0.23306647	0.11894587	0.05951049	0.13498691	
  0.51000000	0.06477886	0.03685873	0.35227698	0.23298164	0.11878925	0.05941164	0.13490291	
  0.51150000	0.06487946	0.03691572	0.35254043	0.23289721	0.11863409	0.05931376	0.13481933	
  0.51300000	0.06497986	0.03697259	0.35280100	0.23281319	0.11848038	0.05921682	0.13473615	
  0.51450000	0.06508006	0.03702935	0.35305867	0.23272958	0.11832811	0.05912083	0.13465339	
  0.51600000	0.06518007	0.03708599	0.35331348	0.23264639	0.11817725	0.05902576	0.13457105	
  0.51750000	0.06527989	0.03714252	0.35356545	0.23256360	0.11802780	0.05893163	0.13448912	
  0.51900000	0.06537952	0.03719892	0.35381463	0.23248123	0.11787973	0.05883840	0.13440759	
  0.52050000	0.06547894	0.03725521	0.35406101	0.23239924	0.11773304	0.05874607	0.13432649	
  0.52200000	0.06557819	0.03731139	0.35430464	0.23231766	0.11758771	0.05865464	0.13424578	
  0.52350000	0.06567723	0.03736745	0.35454553	0.23223647	0.11744372	0.05856408	0.13416551	
  0.52500000	0.06577609	0.03742340	0.35478374	0.23215570	0.11730105	0.05847440	0.13408564	
  0.52650000	0.06587476	0.03747923	0.35501924	0.23207530	0.11715971	0.05838558	0.13400617	
  0.52800000	0.06597324	0.03753495	0.35525209	0.23199530	0.11701967	0.05829762	0.13392712	
  0.52950000	0.06607154	0.03759056	0.35548231	0.23191568	0.11688092	0.05821050	0.13384849	
  0.53100000	0.06616964	0.03764605	0.35570994	0.23183647	0.11674344	0.05812422	0.13377026	
  0.53250000	0.06626756	0.03770144	0.35593495	0.23175764	0.11660722	0.05803876	0.13369243	
  0.53400000	0.06636530	0.03775670	0.35615742	0.23167919	0.11647225	0.05795413	0.13361502	
  0.53550000	0.06646285	0.03781186	0.35637733	0.23160112	0.11633851	0.05787029	0.13353801	
  0.53700000	0.06656022	0.03786691	0.35659477	0.23152342	0.11620601	0.05778727	0.13346142	
  0.53850000	0.06665740	0.03792185	0.35680968	0.23144612	0.11607470	0.05770503	0.13338521	
  0.54000000	0.06675441	0.03797668	0.35702214	0.23136918	0.11594459	0.05762357	0.13330942	
  0.54150000	0.06685123	0.03803140	0.35723215	0.23129264	0.11581567	0.05754289	0.13323404	
  0.54300000	0.06694786	0.03808601	0.35743973	0.23121645	0.11568791	0.05746298	0.13315907	
  0.54450000	0.06704432	0.03814051	0.35764492	0.23114063	0.11556133	0.05738382	0.13308449	
  0.54600000	0.06714059	0.03819490	0.35784772	0.23106518	0.11543588	0.05730542	0.13301031	
  0.54750000	0.06723669	0.03824919	0.35804817	0.23099010	0.11531157	0.05722775	0.13293654	
  0.54900000	0.06733262	0.03830336	0.35824627	0.23091538	0.11518839	0.05715083	0.13286315	
  0.55050000	0.06742836	0.03835743	0.35844207	0.23084103	0.11506631	0.05707463	0.13279018	
  0.55200000	0.06752392	0.03841140	0.35863557	0.23076704	0.11494534	0.05699914	0.13271759	
  0.55350000	0.06761931	0.03846525	0.35882682	0.23069340	0.11482545	0.05692437	0.13264540	
  0.55500000	0.06771452	0.03851901	0.35901579	0.23062012	0.11470664	0.05685030	0.13257362	
  0.55650000	0.06780955	0.03857265	0.35920256	0.23054719	0.11458890	0.05677693	0.13250221	
  0.55800000	0.06790442	0.03862620	0.35938710	0.23047462	0.11447222	0.05670425	0.13243121	
  0.55950000	0.06799910	0.03867963	0.35956946	0.23040240	0.11435658	0.05663225	0.13236059	
  0.56100000	0.06809362	0.03873297	0.35974964	0.23033051	0.11424197	0.05656092	0.13229038	
  0.56250000	0.06818796	0.03878620	0.35992768	0.23025899	0.11412838	0.05649026	0.13222054	
  0.56400000	0.06828213	0.03883932	0.36010361	0.23018779	0.11401581	0.05642026	0.13215108	
  0.56550000	0.06837612	0.03889234	0.36027741	0.23011695	0.11390424	0.05635091	0.13208203	
  0.56700000	0.06846995	0.03894527	0.36044914	0.23004644	0.11379366	0.05628221	0.13201335	
  0.56850000	0.06856360	0.03899808	0.36061877	0.22997627	0.11368406	0.05621415	0.13194504	
  0.57000000	0.06865709	0.03905080	0.36078638	0.22990644	0.11357543	0.05614673	0.13187714	
  0.57150000	0.06875040	0.03910341	0.36095196	0.22983694	0.11346776	0.05607993	0.13180961	
  0.57300000	0.06884355	0.03915593	0.36111552	0.22976777	0.11336105	0.05601375	0.13174245	
  0.57450000	0.06893653	0.03920834	0.36127707	0.22969893	0.11325527	0.05594818	0.13167568	
  0.57600000	0.06902934	0.03926065	0.36143667	0.22963043	0.11315043	0.05588322	0.13160926	
  0.57750000	0.06912199	0.03931287	0.36159432	0.22956224	0.11304650	0.05581886	0.13154323	
  0.57900000	0.06921446	0.03936498	0.36175001	0.22949438	0.11294349	0.05575509	0.13147758	
  0.58050000	0.06930678	0.03941699	0.36190379	0.22942683	0.11284139	0.05569191	0.13141230	
  0.58200000	0.06939892	0.03946891	0.36205566	0.22935961	0.11274017	0.05562932	0.13134739	
  0.58350000	0.06949090	0.03952072	0.36220565	0.22929272	0.11263985	0.05556730	0.13128284	
  0.58500000	0.06958272	0.03957244	0.36235380	0.22922613	0.11254040	0.05550585	0.13121866	
  0.58650000	0.06967437	0.03962406	0.36250007	0.22915986	0.11244182	0.05544496	0.13115485	
  0.58800000	0.06976586	0.03967558	0.36264452	0.22909389	0.11234409	0.05538463	0.13109140	
  0.58950000	0.06985719	0.03972701	0.36278719	0.22902825	0.11224721	0.05532486	0.13102831	
  0.59100000	0.06994835	0.03977834	0.36292800	0.22896291	0.11215118	0.05526563	0.13096558	
  0.59250000	0.07003936	0.03982957	0.36306709	0.22889787	0.11205597	0.05520694	0.13090321	
  0.59400000	0.07013020	0.03988070	0.36320439	0.22883314	0.11196160	0.05514879	0.13084120	
  0.59550000	0.07022089	0.03993174	0.36333993	0.22876871	0.11186803	0.05509116	0.13077953	
  0.59700000	0.07031140	0.03998269	0.36347374	0.22870459	0.11177527	0.05503406	0.13071823	
  0.59850000	0.07040177	0.04003354	0.36360586	0.22864075	0.11168332	0.05497748	0.13065727	
  0.60000000	0.07049198	0.04008429	0.36373627	0.22857723	0.11159214	0.05492142	0.13059667	
  0.60150000	0.07058202	0.04013496	0.36386502	0.22851399	0.11150176	0.05486586	0.13053642	
  0.60300000	0.07067191	0.04018552	0.36399207	0.22845103	0.11141215	0.05481080	0.13047650	
  0.60450000	0.07076164	0.04023599	0.36411750	0.22838838	0.11132330	0.05475625	0.13041694	
  0.60600000	0.07085121	0.04028637	0.36424127	0.22832602	0.11123522	0.05470218	0.13035773	
  0.60750000	0.07094063	0.04033666	0.36436343	0.22826394	0.11114789	0.05464860	0.13029885	
  0.60900000	0.07102989	0.04038685	0.36448401	0.22820215	0.11106130	0.05459551	0.13024031	
  0.61050000	0.07111900	0.04043695	0.36460298	0.22814064	0.11097544	0.05454290	0.13018210	
  0.61200000	0.07120794	0.04048696	0.36472037	0.22807941	0.11089032	0.05449075	0.13012424	
  0.61350000	0.07129674	0.04053687	0.36483622	0.22801846	0.11080592	0.05443908	0.13006671	
  0.61500000	0.07138538	0.04058670	0.36495051	0.22795780	0.11072224	0.05438786	0.13000952	
  0.61650000	0.07147387	0.04063643	0.36506328	0.22789741	0.11063925	0.05433711	0.12995264	
  0.61800000	0.07156220	0.04068607	0.36517456	0.22783728	0.11055698	0.05428681	0.12989610	
  0.61950000	0.07165039	0.04073562	0.36528432	0.22777744	0.11047538	0.05423696	0.12983990	
  0.62100000	0.07173841	0.04078509	0.36539260	0.22771786	0.11039449	0.05418755	0.12978402	
  0.62250000	0.07182629	0.04083446	0.36549938	0.22765855	0.11031426	0.05413859	0.12972845	
  0.62400000	0.07191402	0.04088373	0.36560473	0.22759952	0.11023472	0.05409006	0.12967321	
  0.62550000	0.07200160	0.04093293	0.36570865	0.22754075	0.11015583	0.05404196	0.12961830	
  0.62700000	0.07208902	0.04098203	0.36581111	0.22748224	0.11007760	0.05399428	0.12956369	
  0.62850000	0.07217630	0.04103104	0.36591217	0.22742400	0.11000004	0.05394704	0.12950942	
  0.63000000	0.07226343	0.04107997	0.36601183	0.22736602	0.10992311	0.05390020	0.12945545	
  0.63150000	0.07235041	0.04112881	0.36611009	0.22730829	0.10984682	0.05385378	0.12940179	
  0.63300000	0.07243723	0.04117756	0.36620700	0.22725083	0.10977117	0.05380778	0.12934846	
  0.63450000	0.07252391	0.04122622	0.36630252	0.22719361	0.10969614	0.05376217	0.12929542	
  0.63600000	0.07261045	0.04127479	0.36639670	0.22713666	0.10962174	0.05371697	0.12924269	
  0.63750000	0.07269683	0.04132327	0.36648956	0.22707994	0.10954794	0.05367217	0.12919027	
  0.63900000	0.07278308	0.04137167	0.36658108	0.22702348	0.10947476	0.05362776	0.12913816	
  0.64050000	0.07286917	0.04141999	0.36667129	0.22696728	0.10940218	0.05358374	0.12908635	
  0.64200000	0.07295512	0.04146821	0.36676022	0.22691132	0.10933020	0.05354010	0.12903483	
  0.64350000	0.07304092	0.04151635	0.36684784	0.22685561	0.10925881	0.05349685	0.12898363	
  0.64500000	0.07312658	0.04156441	0.36693421	0.22680014	0.10918800	0.05345397	0.12893271	
  0.64650000	0.07321209	0.04161238	0.36701930	0.22674491	0.10911777	0.05341147	0.12888210	
  0.64800000	0.07329746	0.04166026	0.36710316	0.22668992	0.10904811	0.05336934	0.12883176	
  0.64950000	0.07338268	0.04170806	0.36718577	0.22663517	0.10897902	0.05332758	0.12878174	
  0.65100000	0.07346775	0.04175577	0.36726716	0.22658066	0.10891049	0.05328617	0.12873200	
  0.65250000	0.07355269	0.04180340	0.36734733	0.22652639	0.10884252	0.05324513	0.12868254	
  0.65400000	0.07363749	0.04185095	0.36742631	0.22647235	0.10877510	0.05320444	0.12863337	
  0.65550000	0.07372214	0.04189841	0.36750409	0.22641854	0.10870823	0.05316411	0.12858449	
  0.65700000	0.07380665	0.04194579	0.36758071	0.22636497	0.10864189	0.05312412	0.12853588	
