  0.00000000	1.00000000	0.00000000	0.00000000	0.00000000	0.00000000	0.00000000	0.00000000	0.00000000	0.00000000	0.00000000	0.00000000	0.00000000	0.00000000	0.00000000	0.00000000	0.00000000	0.00000000	0.00000000	0.00000000	0.00000000	0.00000000	0.00000000	0.00000000	0.00000000	
  0.00200000	0.99899489	0.00091507	0.00000178	0.00000228	0.00000288	0.00001477	0.00000340	0.00006261	0.00000014	0.00000001	0.00000005	0.00000007	0.00000075	0.00000032	0.00000012	0.00000000	0.00000014	0.00000032	0.00000028	0.00000001	0.00000007	0.00000000	0.00000001	0.00000000	
  0.00400000	0.99599606	0.00364445	0.00000751	0.00000911	0.00001151	0.00005892	0.00001353	0.00024962	0.00000057	0.00000005	0.00000021	0.00000028	0.00000305	0.00000130	0.00000046	0.00000001	0.00000057	0.00000127	0.00000111	0.00000005	0.00000028	0.00000001	0.00000005	0.00000001	
  0.00600000	0.99105150	0.00814179	0.00001839	0.00002056	0.00002588	0.00013197	0.00003010	0.00055871	0.00000127	0.00000012	0.00000049	0.00000065	0.00000698	0.00000300	0.00000104	0.00000002	0.00000127	0.00000285	0.00000248	0.00000012	0.00000062	0.00000002	0.00000012	0.00000002	
  0.00800000	0.98423803	0.01433294	0.00003637	0.00003670	0.00004599	0.00023315	0.00005271	0.00098614	0.00000226	0.00000022	0.00000091	0.00000119	0.00001268	0.00000551	0.00000184	0.00000005	0.00000226	0.00000503	0.00000438	0.00000022	0.00000111	0.00000004	0.00000021	0.00000005	
  0.01000000	0.97565800	0.02211907	0.00006403	0.00005762	0.00007182	0.00036144	0.00008078	0.00152696	0.00000352	0.00000036	0.00000150	0.00000193	0.00002037	0.00000895	0.00000287	0.00000009	0.00000352	0.00000780	0.00000677	0.00000036	0.00000172	0.00000007	0.00000032	0.00000010	
  0.01200000	0.96543527	0.03138055	0.00010448	0.00008348	0.00010337	0.00051561	0.00011365	0.00217519	0.00000505	0.00000054	0.00000229	0.00000290	0.00003027	0.00001346	0.00000412	0.00000017	0.00000505	0.00001111	0.00000963	0.00000055	0.00000246	0.00000012	0.00000047	0.00000018	
  0.01400000	0.95371097	0.04198111	0.00016127	0.00011445	0.00014062	0.00069424	0.00015056	0.00292397	0.00000684	0.00000077	0.00000333	0.00000415	0.00004265	0.00001922	0.00000558	0.00000029	0.00000684	0.00001494	0.00001293	0.00000079	0.00000333	0.00000020	0.00000064	0.00000030	
  0.01600000	0.94063902	0.05377219	0.00023820	0.00015074	0.00018357	0.00089578	0.00019068	0.00376578	0.00000889	0.00000106	0.00000465	0.00000572	0.00005779	0.00002641	0.00000725	0.00000046	0.00000889	0.00001926	0.00001662	0.00000109	0.00000433	0.00000031	0.00000083	0.00000048	
  0.01800000	0.92638171	0.06659734	0.00033921	0.00019256	0.00023220	0.00111859	0.00023317	0.00469263	0.00001119	0.00000143	0.00000630	0.00000768	0.00007597	0.00003523	0.00000910	0.00000069	0.00001119	0.00002401	0.00002068	0.00000145	0.00000544	0.00000046	0.00000105	0.00000073	
  0.02000000	0.91110533	0.08029642	0.00046822	0.00024018	0.00028652	0.00136096	0.00027716	0.00569626	0.00001372	0.00000186	0.00000832	0.00001008	0.00009746	0.00004586	0.00001111	0.00000099	0.00001372	0.00002918	0.00002505	0.00000189	0.00000666	0.00000065	0.00000130	0.00000105	
  0.02200000	0.89497632	0.09470947	0.00062906	0.00029387	0.00034651	0.00162114	0.00032183	0.00676825	0.00001648	0.00000239	0.00001077	0.00001301	0.00012253	0.00005851	0.00001326	0.00000139	0.00001648	0.00003470	0.00002970	0.00000241	0.00000800	0.00000089	0.00000157	0.00000147	
  0.02400000	0.87815750	0.10968014	0.00082532	0.00035392	0.00041219	0.00189740	0.00036637	0.00790026	0.00001945	0.00000301	0.00001368	0.00001653	0.00015140	0.00007335	0.00001552	0.00000188	0.00001945	0.00004056	0.00003459	0.00000302	0.00000943	0.00000120	0.00000186	0.00000199	
  0.02600000	0.86080551	0.12505856	0.00106025	0.00042061	0.00048354	0.00218801	0.00041004	0.00908407	0.00002262	0.00000374	0.00001709	0.00002073	0.00018427	0.00009058	0.00001784	0.00000248	0.00002262	0.00004671	0.00003969	0.00000372	0.00001097	0.00000157	0.00000217	0.00000262	
  0.02800000	0.84306800	0.14070371	0.00133676	0.00049423	0.00056057	0.00249131	0.00045219	0.01031179	0.00002597	0.00000459	0.00002105	0.00002570	0.00022130	0.00011034	0.00002020	0.00000319	0.00002597	0.00005313	0.00004495	0.00000452	0.00001261	0.00000201	0.00000250	0.00000338	
  0.03000000	0.82508230	0.15648514	0.00165727	0.00057507	0.00064330	0.00280568	0.00049223	0.01157586	0.00002950	0.00000556	0.00002559	0.00003152	0.00026262	0.00013278	0.00002254	0.00000404	0.00002950	0.00005977	0.00005034	0.00000542	0.00001434	0.00000253	0.00000284	0.00000427	
  0.03200000	0.80697364	0.17228416	0.00202379	0.00066340	0.00073172	0.00312958	0.00052968	0.01286919	0.00003318	0.00000667	0.00003074	0.00003828	0.00030829	0.00015803	0.00002483	0.00000502	0.00003318	0.00006661	0.00005584	0.00000641	0.00001616	0.00000312	0.00000319	0.00000530	
  0.03400000	0.78885472	0.18799464	0.00243782	0.00075946	0.00082585	0.00346152	0.00056416	0.01418515	0.00003700	0.00000792	0.00003653	0.00004606	0.00035835	0.00018620	0.00002703	0.00000614	0.00003700	0.00007363	0.00006142	0.00000751	0.00001806	0.00000381	0.00000354	0.00000648	
  0.03600000	0.77082545	0.20352316	0.00290039	0.00086345	0.00092569	0.00380012	0.00059537	0.01551765	0.00004094	0.00000931	0.00004299	0.00005495	0.00041281	0.00021735	0.00002911	0.00000740	0.00004094	0.00008081	0.00006706	0.00000871	0.00002004	0.00000458	0.00000389	0.00000781	
  0.03800000	0.75297284	0.21878897	0.00341209	0.00097557	0.00103125	0.00414406	0.00062315	0.01686112	0.00004499	0.00001087	0.00005014	0.00006504	0.00047161	0.00025156	0.00003102	0.00000882	0.00004499	0.00008812	0.00007274	0.00001001	0.00002210	0.00000544	0.00000424	0.00000930	
  0.04000000	0.73537147	0.23372354	0.00397305	0.00109594	0.00114254	0.00449212	0.00064738	0.01821053	0.00004913	0.00001258	0.00005799	0.00007638	0.00053469	0.00028886	0.00003275	0.00001039	0.00004914	0.00009554	0.00007844	0.00001141	0.00002424	0.00000640	0.00000458	0.00001094	
  0.04200000	0.71808416	0.24826993	0.00458301	0.00122467	0.00125957	0.00484315	0.00066808	0.01956138	0.00005335	0.00001446	0.00006656	0.00008905	0.00060194	0.00032926	0.00003427	0.00001212	0.00005336	0.00010307	0.00008416	0.00001290	0.00002645	0.00000745	0.00000491	0.00001275	
  0.04400000	0.70116276	0.26238203	0.00524137	0.00136179	0.00138232	0.00519610	0.00068532	0.02090967	0.00005763	0.00001651	0.00007586	0.00010311	0.00067324	0.00037277	0.00003558	0.00001400	0.00005765	0.00011070	0.00008987	0.00001448	0.00002873	0.00000859	0.00000523	0.00001471	
  0.04600000	0.68464905	0.27602348	0.00594717	0.00150731	0.00151078	0.00554997	0.00069925	0.02225188	0.00006197	0.00001873	0.00008591	0.00011861	0.00074842	0.00041935	0.00003665	0.00001604	0.00006199	0.00011841	0.00009559	0.00001615	0.00003107	0.00000983	0.00000554	0.00001684	
  0.04800000	0.66857570	0.28916687	0.00669921	0.00166118	0.00164496	0.00590388	0.00071009	0.02358496	0.00006634	0.00002112	0.00009671	0.00013558	0.00082733	0.00046897	0.00003751	0.00001824	0.00006637	0.00012619	0.00010129	0.00001791	0.00003348	0.00001116	0.00000582	0.00001912	
  0.05000000	0.65296733	0.30179262	0.00749601	0.00182330	0.00178481	0.00625699	0.00071810	0.02490627	0.00007074	0.00002369	0.00010826	0.00015407	0.00090977	0.00052156	0.00003816	0.00002059	0.00007078	0.00013404	0.00010699	0.00001974	0.00003595	0.00001258	0.00000609	0.00002156	
  0.05200000	0.63784122	0.31388813	0.00833594	0.00199353	0.00193030	0.00660857	0.00072358	0.02621356	0.00007516	0.00002644	0.00012056	0.00017409	0.00099556	0.00057706	0.00003861	0.00002310	0.00007521	0.00014195	0.00011269	0.00002165	0.00003848	0.00001409	0.00000634	0.00002416	
  0.05400000	0.62320882	0.32544664	0.00921717	0.00217169	0.00208139	0.00695795	0.00072686	0.02750495	0.00007959	0.00002936	0.00013363	0.00019567	0.00108451	0.00063537	0.00003888	0.00002576	0.00007965	0.00014992	0.00011837	0.00002363	0.00004107	0.00001570	0.00000658	0.00002691	
  0.05600000	0.60907590	0.33646649	0.01013777	0.00235756	0.00223801	0.00730454	0.00072829	0.02877886	0.00008402	0.00003245	0.00014746	0.00021879	0.00117640	0.00069640	0.00003902	0.00002856	0.00008409	0.00015795	0.00012405	0.00002567	0.00004372	0.00001739	0.00000680	0.00002981	
  0.05800000	0.59544402	0.34695035	0.01109573	0.00255090	0.00240012	0.00764783	0.00072824	0.03003402	0.00008845	0.00003571	0.00016204	0.00024347	0.00127103	0.00076005	0.00003903	0.00003152	0.00008853	0.00016603	0.00012974	0.00002777	0.00004642	0.00001917	0.00000700	0.00003285	
  0.06000000	0.58231086	0.35690433	0.01208895	0.00275144	0.00256761	0.00798737	0.00072703	0.03126941	0.00009286	0.00003915	0.00017738	0.00026970	0.00136820	0.00082620	0.00003897	0.00003461	0.00009295	0.00017416	0.00013543	0.00002993	0.00004917	0.00002103	0.00000719	0.00003603	
  0.06200000	0.56967115	0.36633748	0.01311530	0.00295889	0.00274042	0.00832279	0.00072503	0.03248424	0.00009726	0.00004276	0.00019347	0.00029744	0.00146772	0.00089473	0.00003886	0.00003785	0.00009737	0.00018234	0.00014113	0.00003214	0.00005197	0.00002297	0.00000737	0.00003936	
  0.06400000	0.55751687	0.37526104	0.01417266	0.00317294	0.00291842	0.00865380	0.00072254	0.03367792	0.00010164	0.00004653	0.00021031	0.00032669	0.00156939	0.00096552	0.00003873	0.00004122	0.00010177	0.00019057	0.00014685	0.00003439	0.00005482	0.00002499	0.00000755	0.00004282	
  0.06600000	0.54583836	0.38368809	0.01525889	0.00339329	0.00310153	0.00898016	0.00071985	0.03485006	0.00010600	0.00005046	0.00022790	0.00035740	0.00167301	0.00103846	0.00003863	0.00004472	0.00010614	0.00019885	0.00015259	0.00003670	0.00005772	0.00002708	0.00000772	0.00004641	
  0.06800000	0.53462404	0.39163306	0.01637187	0.00361963	0.00328962	0.00930169	0.00071723	0.03600041	0.00011033	0.00005456	0.00024622	0.00038955	0.00177841	0.00111342	0.00003858	0.00004835	0.00011050	0.00020718	0.00015837	0.00003904	0.00006066	0.00002925	0.00000789	0.00005013	
  0.07000000	0.52386153	0.39911136	0.01750953	0.00385166	0.00348256	0.00961828	0.00071490	0.03712884	0.00011464	0.00005881	0.00026528	0.00042310	0.00188541	0.00119027	0.00003860	0.00005211	0.00011483	0.00021556	0.00016418	0.00004142	0.00006364	0.00003148	0.00000806	0.00005397	
  0.07200000	0.51353723	0.40613905	0.01866985	0.00408907	0.00368023	0.00992987	0.00071305	0.03823537	0.00011892	0.00006322	0.00028506	0.00045801	0.00199383	0.00126890	0.00003872	0.00005599	0.00011914	0.00022398	0.00017004	0.00004383	0.00006667	0.00003378	0.00000824	0.00005793	
  0.07400000	0.50363731	0.41273257	0.01985082	0.00433160	0.00388249	0.01023643	0.00071182	0.03932010	0.00012318	0.00006778	0.00030557	0.00049424	0.00210353	0.00134920	0.00003896	0.00005999	0.00012342	0.00023245	0.00017595	0.00004628	0.00006974	0.00003614	0.00000842	0.00006202	
  0.07600000	0.49414730	0.41890860	0.02105055	0.00457897	0.00408921	0.01053801	0.00071134	0.04038321	0.00012741	0.00007249	0.00032678	0.00053174	0.00221434	0.00143106	0.00003933	0.00006410	0.00012769	0.00024097	0.00018191	0.00004875	0.00007285	0.00003856	0.00000861	0.00006621	
  0.07800000	0.48505270	0.42468384	0.02226717	0.00483093	0.00430024	0.01083465	0.00071168	0.04142496	0.00013162	0.00007734	0.00034870	0.00057047	0.00232613	0.00151435	0.00003985	0.00006832	0.00013193	0.00024953	0.00018794	0.00005126	0.00007599	0.00004104	0.00000881	0.00007051	
  0.08000000	0.47633889	0.43007487	0.02349890	0.00508725	0.00451545	0.01112648	0.00071288	0.04244569	0.00013580	0.00008233	0.00037131	0.00061039	0.00243876	0.00159900	0.00004050	0.00007266	0.00013615	0.00025814	0.00019403	0.00005379	0.00007918	0.00004358	0.00000902	0.00007493	
  0.08200000	0.46799138	0.43509802	0.02474403	0.00534772	0.00473470	0.01141360	0.00071495	0.04344575	0.00013997	0.00008746	0.00039462	0.00065146	0.00255209	0.00168488	0.00004130	0.00007710	0.00014035	0.00026680	0.00020020	0.00005635	0.00008239	0.00004617	0.00000925	0.00007944	
  0.08400000	0.45999581	0.43976933	0.02600092	0.00561215	0.00495784	0.01169616	0.00071788	0.04442556	0.00014412	0.00009273	0.00041860	0.00069362	0.00266602	0.00177193	0.00004225	0.00008164	0.00014454	0.00027551	0.00020644	0.00005894	0.00008565	0.00004881	0.00000948	0.00008406	
  0.08600000	0.45233807	0.44410449	0.02726800	0.00588036	0.00518475	0.01197434	0.00072164	0.04538556	0.00014825	0.00009813	0.00044326	0.00073684	0.00278042	0.00186004	0.00004332	0.00008628	0.00014871	0.00028427	0.00021277	0.00006156	0.00008893	0.00005151	0.00000974	0.00008878	
  0.08800000	0.44500434	0.44811872	0.02854379	0.00615219	0.00541529	0.01224829	0.00072618	0.04632622	0.00015237	0.00010365	0.00046858	0.00078108	0.00289520	0.00194913	0.00004453	0.00009102	0.00015287	0.00029307	0.00021919	0.00006420	0.00009225	0.00005425	0.00001000	0.00009360	
  0.09000000	0.43798116	0.45182684	0.02982686	0.00642750	0.00564934	0.01251822	0.00073142	0.04724802	0.00015648	0.00010931	0.00049456	0.00082630	0.00301025	0.00203913	0.00004584	0.00009586	0.00015703	0.00030192	0.00022570	0.00006686	0.00009560	0.00005703	0.00001028	0.00009851	
  0.09200000	0.43125540	0.45524314	0.03111588	0.00670616	0.00588675	0.01278431	0.00073729	0.04815147	0.00016058	0.00011508	0.00052118	0.00087246	0.00312549	0.00212996	0.00004726	0.00010079	0.00016118	0.00031082	0.00023230	0.00006955	0.00009898	0.00005986	0.00001057	0.00010351	
  0.09400000	0.42481431	0.45838150	0.03240958	0.00698806	0.00612743	0.01304674	0.00074372	0.04903707	0.00016468	0.00012098	0.00054844	0.00091952	0.00324084	0.00222155	0.00004877	0.00010581	0.00016533	0.00031977	0.00023901	0.00007227	0.00010239	0.00006273	0.00001088	0.00010860	
  0.09600000	0.41864559	0.46125525	0.03370675	0.00727310	0.00637125	0.01330571	0.00075061	0.04990533	0.00016878	0.00012700	0.00057634	0.00096744	0.00335621	0.00231383	0.00005035	0.00011091	0.00016947	0.00032877	0.00024582	0.00007501	0.00010583	0.00006564	0.00001120	0.00011378	
  0.09800000	0.41273728	0.46387726	0.03500627	0.00756117	0.00661810	0.01356141	0.00075788	0.05075677	0.00017288	0.00013314	0.00060486	0.00101620	0.00347153	0.00240674	0.00005200	0.00011610	0.00017363	0.00033782	0.00025273	0.00007779	0.00010930	0.00006860	0.00001153	0.00011905	
  0.10000000	0.40707785	0.46625984	0.03630706	0.00785218	0.00686788	0.01381401	0.00076546	0.05159190	0.00017699	0.00013939	0.00063399	0.00106576	0.00358674	0.00250022	0.00005369	0.00012138	0.00017778	0.00034691	0.00025975	0.00008059	0.00011280	0.00007159	0.00001186	0.00012440	
  0.10200000	0.40165615	0.46841490	0.03760812	0.00814606	0.00712048	0.01406370	0.00077326	0.05241122	0.00018110	0.00014575	0.00066373	0.00111607	0.00370178	0.00259420	0.00005542	0.00012674	0.00018195	0.00035606	0.00026689	0.00008341	0.00011633	0.00007462	0.00001221	0.00012983	
  0.10400000	0.39646146	0.47035390	0.03890853	0.00844271	0.00737580	0.01431063	0.00078122	0.05321524	0.00018522	0.00015222	0.00069407	0.00116712	0.00381659	0.00268864	0.00005718	0.00013218	0.00018613	0.00036526	0.00027413	0.00008627	0.00011988	0.00007768	0.00001257	0.00013535	
  0.10600000	0.39148346	0.47208771	0.04020740	0.00874206	0.00763377	0.01455497	0.00078928	0.05400444	0.00018936	0.00015881	0.00072501	0.00121887	0.00393112	0.00278348	0.00005896	0.00013770	0.00019033	0.00037451	0.00028150	0.00008916	0.00012346	0.00008078	0.00001293	0.00014094	
  0.10800000	0.38671213	0.47362691	0.04150390	0.00904403	0.00789429	0.01479688	0.00079739	0.05477930	0.00019352	0.00016550	0.00075653	0.00127128	0.00404533	0.00287867	0.00006076	0.00014329	0.00019454	0.00038381	0.00028898	0.00009207	0.00012706	0.00008391	0.00001331	0.00014661	
  0.11000000	0.38213795	0.47498149	0.04279727	0.00934855	0.00815727	0.01503649	0.00080550	0.05554030	0.00019769	0.00017230	0.00078863	0.00132433	0.00415917	0.00297416	0.00006256	0.00014896	0.00019878	0.00039317	0.00029658	0.00009502	0.00013070	0.00008708	0.00001368	0.00015236	
  0.11200000	0.37775171	0.47616115	0.04408680	0.00965553	0.00842264	0.01527395	0.00081359	0.05628788	0.00020188	0.00017921	0.00082130	0.00137799	0.00427261	0.00306989	0.00006436	0.00015470	0.00020303	0.00040258	0.00030430	0.00009800	0.00013435	0.00009028	0.00001407	0.00015818	
  0.11400000	0.37354454	0.47717512	0.04537183	0.00996490	0.00869032	0.01550938	0.00082162	0.05702249	0.00020610	0.00018622	0.00085453	0.00143222	0.00438562	0.00316584	0.00006616	0.00016052	0.00020731	0.00041204	0.00031215	0.00010101	0.00013804	0.00009351	0.00001446	0.00016408	
  0.11600000	0.36950797	0.47803223	0.04665174	0.01027657	0.00896024	0.01574291	0.00082958	0.05774456	0.00021034	0.00019334	0.00088832	0.00148700	0.00449815	0.00326194	0.00006796	0.00016640	0.00021162	0.00042156	0.00032012	0.00010405	0.00014175	0.00009677	0.00001485	0.00017004	
  0.11800000	0.36563382	0.47874093	0.04792595	0.01059046	0.00923233	0.01597465	0.00083746	0.05845450	0.00021462	0.00020056	0.00092267	0.00154230	0.00461018	0.00335816	0.00006976	0.00017236	0.00021596	0.00043114	0.00032821	0.00010713	0.00014548	0.00010006	0.00001525	0.00017608	
  0.12000000	0.36191428	0.47930929	0.04919396	0.01090649	0.00950652	0.01620471	0.00084525	0.05915272	0.00021892	0.00020788	0.00095755	0.00159809	0.00472169	0.00345446	0.00007156	0.00017838	0.00022033	0.00044077	0.00033643	0.00011024	0.00014924	0.00010338	0.00001565	0.00018219	
  0.12200000	0.35834187	0.47974509	0.05045528	0.01122457	0.00978275	0.01643320	0.00085296	0.05983959	0.00022325	0.00021531	0.00099298	0.00165434	0.00483266	0.00355081	0.00007336	0.00018447	0.00022474	0.00045046	0.00034477	0.00011338	0.00015303	0.00010673	0.00001605	0.00018837	
  0.12400000	0.35490936	0.48005569	0.05170945	0.01154461	0.01006095	0.01666022	0.00086059	0.06051549	0.00022762	0.00022283	0.00102894	0.00171102	0.00494306	0.00364715	0.00007516	0.00019063	0.00022918	0.00046020	0.00035324	0.00011656	0.00015684	0.00011010	0.00001646	0.00019461	
  0.12600000	0.35160995	0.48024812	0.05295608	0.01186654	0.01034108	0.01688586	0.00086816	0.06118077	0.00023203	0.00023046	0.00106542	0.00176811	0.00505288	0.00374347	0.00007697	0.00019685	0.00023365	0.00047001	0.00036184	0.00011977	0.00016068	0.00011351	0.00001688	0.00020093	
  0.12800000	0.34843698	0.48032916	0.05419479	0.01219025	0.01062306	0.01711021	0.00087568	0.06183578	0.00023647	0.00023818	0.00110243	0.00182558	0.00516210	0.00383972	0.00007879	0.00020313	0.00023817	0.00047988	0.00037057	0.00012302	0.00016454	0.00011693	0.00001730	0.00020730	
  0.13000000	0.34538418	0.48030517	0.05542525	0.01251566	0.01090685	0.01733336	0.00088315	0.06248084	0.00024095	0.00024601	0.00113995	0.00188341	0.00527070	0.00393588	0.00008061	0.00020948	0.00024272	0.00048980	0.00037942	0.00012630	0.00016843	0.00012039	0.00001772	0.00021374	
  0.13200000	0.34244555	0.48018235	0.05664714	0.01284268	0.01119239	0.01755540	0.00089061	0.06311627	0.00024547	0.00025393	0.00117798	0.00194156	0.00537869	0.00403191	0.00008246	0.00021589	0.00024732	0.00049979	0.00038841	0.00012962	0.00017234	0.00012387	0.00001814	0.00022025	
  0.13400000	0.33961535	0.47996646	0.05786019	0.01317122	0.01147963	0.01777640	0.00089806	0.06374236	0.00025003	0.00026196	0.00121650	0.00200003	0.00548604	0.00412779	0.00008432	0.00022236	0.00025195	0.00050985	0.00039752	0.00013297	0.00017628	0.00012738	0.00001857	0.00022681	
  0.13600000	0.33688805	0.47966310	0.05906415	0.01350118	0.01176851	0.01799645	0.00090552	0.06435940	0.00025463	0.00027008	0.00125553	0.00205877	0.00559274	0.00422349	0.00008620	0.00022888	0.00025663	0.00051996	0.00040676	0.00013636	0.00018025	0.00013091	0.00001900	0.00023344	
  0.13800000	0.33425841	0.47927758	0.06025880	0.01383249	0.01205899	0.01821561	0.00091301	0.06496766	0.00025928	0.00027830	0.00129504	0.00211778	0.00569880	0.00431899	0.00008810	0.00023547	0.00026136	0.00053015	0.00041613	0.00013978	0.00018424	0.00013446	0.00001944	0.00024013	
  0.14000000	0.33172148	0.47881487	0.06144392	0.01416505	0.01235103	0.01843396	0.00092054	0.06556741	0.00026397	0.00028662	0.00133504	0.00217702	0.00580420	0.00441427	0.00009003	0.00024211	0.00026613	0.00054039	0.00042563	0.00014324	0.00018826	0.00013804	0.00001988	0.00024688	
  0.14200000	0.32927248	0.47827983	0.06261936	0.01449878	0.01264456	0.01865157	0.00092813	0.06615889	0.00026870	0.00029504	0.00137552	0.00223649	0.00590894	0.00450930	0.00009199	0.00024881	0.00027095	0.00055071	0.00043525	0.00014674	0.00019230	0.00014165	0.00002033	0.00025369	
  0.14400000	0.32690686	0.47767696	0.06378494	0.01483358	0.01293955	0.01886852	0.00093578	0.06674235	0.00027348	0.00030356	0.00141647	0.00229615	0.00601302	0.00460407	0.00009398	0.00025556	0.00027581	0.00056109	0.00044501	0.00015028	0.00019637	0.00014527	0.00002078	0.00026055	
  0.14600000	0.32462034	0.47701058	0.06494054	0.01516938	0.01323595	0.01908485	0.00094352	0.06731799	0.00027831	0.00031218	0.00145789	0.00235598	0.00611643	0.00469855	0.00009599	0.00026237	0.00028072	0.00057154	0.00045489	0.00015385	0.00020047	0.00014892	0.00002124	0.00026747	
  0.14800000	0.32240880	0.47628483	0.06608604	0.01550609	0.01353372	0.01930065	0.00095135	0.06788605	0.00028318	0.00032089	0.00149977	0.00241598	0.00621918	0.00479274	0.00009805	0.00026924	0.00028568	0.00058206	0.00046490	0.00015746	0.00020459	0.00015260	0.00002170	0.00027445	
  0.15000000	0.32026833	0.47550356	0.06722133	0.01584364	0.01383282	0.01951597	0.00095927	0.06844672	0.00028811	0.00032970	0.00154211	0.00247612	0.00632126	0.00488662	0.00010013	0.00027615	0.00029069	0.00059265	0.00047504	0.00016110	0.00020874	0.00015629	0.00002217	0.00028149	
  0.15200000	0.31819525	0.47467047	0.06834634	0.01618193	0.01413320	0.01973086	0.00096729	0.06900021	0.00029308	0.00033862	0.00158490	0.00253638	0.00642267	0.00498016	0.00010225	0.00028312	0.00029575	0.00060331	0.00048530	0.00016479	0.00021292	0.00016001	0.00002264	0.00028857	
  0.15400000	0.31618601	0.47378904	0.06946098	0.01652090	0.01443483	0.01994538	0.00097542	0.06954669	0.00029810	0.00034763	0.00162813	0.00259675	0.00652341	0.00507337	0.00010440	0.00029014	0.00030086	0.00061404	0.00049570	0.00016851	0.00021712	0.00016376	0.00002312	0.00029572	
  0.15600000	0.31423730	0.47286260	0.07056521	0.01686047	0.01473765	0.02015960	0.00098366	0.07008635	0.00030317	0.00035673	0.00167180	0.00265722	0.00662349	0.00516623	0.00010658	0.00029721	0.00030602	0.00062484	0.00050621	0.00017227	0.00022135	0.00016753	0.00002360	0.00030292	
  0.15800000	0.31234592	0.47189426	0.07165898	0.01720057	0.01504164	0.02037355	0.00099201	0.07061935	0.00030829	0.00036594	0.00171590	0.00271776	0.00672291	0.00525872	0.00010880	0.00030433	0.00031123	0.00063572	0.00051686	0.00017607	0.00022561	0.00017131	0.00002409	0.00031016	
  0.16000000	0.31050891	0.47088701	0.07274228	0.01754113	0.01534676	0.02058729	0.00100047	0.07114585	0.00031346	0.00037524	0.00176043	0.00277836	0.00682167	0.00535084	0.00011105	0.00031150	0.00031649	0.00064667	0.00052762	0.00017990	0.00022990	0.00017513	0.00002458	0.00031747	
  0.16200000	0.30872336	0.46984363	0.07381506	0.01788206	0.01565297	0.02080086	0.00100903	0.07166602	0.00031868	0.00038465	0.00180538	0.00283902	0.00691978	0.00544258	0.00011333	0.00031872	0.00032180	0.00065770	0.00053852	0.00018378	0.00023422	0.00017896	0.00002508	0.00032482	
  0.16400000	0.30698663	0.46876678	0.07487732	0.01822332	0.01596023	0.02101431	0.00101771	0.07217998	0.00032395	0.00039415	0.00185075	0.00289971	0.00701723	0.00553394	0.00011564	0.00032598	0.00032716	0.00066880	0.00054953	0.00018769	0.00023856	0.00018282	0.00002558	0.00033223	
  0.16600000	0.30529618	0.46765891	0.07592908	0.01856482	0.01626850	0.02122768	0.00102649	0.07268789	0.00032927	0.00040375	0.00189653	0.00296043	0.00711403	0.00562489	0.00011799	0.00033330	0.00033257	0.00067998	0.00056067	0.00019164	0.00024293	0.00018670	0.00002609	0.00033968	
  0.16800000	0.30364954	0.46652243	0.07697032	0.01890652	0.01657776	0.02144101	0.00103537	0.07318987	0.00033464	0.00041344	0.00194272	0.00302116	0.00721020	0.00571545	0.00012036	0.00034066	0.00033804	0.00069123	0.00057194	0.00019563	0.00024733	0.00019061	0.00002661	0.00034719	
  0.17000000	0.30204448	0.46535954	0.07800108	0.01924833	0.01688795	0.02165433	0.00104436	0.07368604	0.00034007	0.00042324	0.00198931	0.00308189	0.00730572	0.00580559	0.00012277	0.00034806	0.00034356	0.00070256	0.00058332	0.00019966	0.00025176	0.00019454	0.00002712	0.00035474	
  0.17200000	0.30047882	0.46417230	0.07902137	0.01959021	0.01719906	0.02186767	0.00105344	0.07417654	0.00034554	0.00043313	0.00203629	0.00314262	0.00740061	0.00589533	0.00012520	0.00035551	0.00034913	0.00071397	0.00059483	0.00020372	0.00025622	0.00019849	0.00002765	0.00036234	
  0.17400000	0.29895049	0.46296275	0.08003123	0.01993209	0.01751105	0.02208108	0.00106261	0.07466147	0.00035107	0.00044313	0.00208365	0.00320333	0.00749488	0.00598464	0.00012765	0.00036301	0.00035475	0.00072546	0.00060646	0.00020783	0.00026071	0.00020246	0.00002818	0.00036999	
  0.17600000	0.29745764	0.46173272	0.08103070	0.02027393	0.01782388	0.02229458	0.00107188	0.07514095	0.00035665	0.00045322	0.00213141	0.00326401	0.00758853	0.00607353	0.00013014	0.00037055	0.00036043	0.00073702	0.00061821	0.00021198	0.00026523	0.00020646	0.00002871	0.00037769	
  0.17800000	0.29599839	0.46048394	0.08201981	0.02061565	0.01813752	0.02250819	0.00108123	0.07561507	0.00036228	0.00046341	0.00217953	0.00332465	0.00768155	0.00616199	0.00013265	0.00037813	0.00036616	0.00074867	0.00063008	0.00021616	0.00026978	0.00021048	0.00002925	0.00038544	
  0.18000000	0.29457107	0.45921806	0.08299861	0.02095720	0.01845194	0.02272194	0.00109067	0.07608394	0.00036796	0.00047370	0.00222803	0.00338525	0.00777397	0.00625002	0.00013518	0.00038576	0.00037194	0.00076039	0.00064206	0.00022038	0.00027436	0.00021453	0.00002980	0.00039323	
  0.18200000	0.29317403	0.45793664	0.08396716	0.02129854	0.01876710	0.02293586	0.00110020	0.07654765	0.00037370	0.00048408	0.00227690	0.00344580	0.00786579	0.00633761	0.00013774	0.00039343	0.00037777	0.00077219	0.00065417	0.00022465	0.00027897	0.00021859	0.00003035	0.00040107	
  0.18400000	0.29180574	0.45664114	0.08492552	0.02163962	0.01908298	0.02314996	0.00110980	0.07700630	0.00037949	0.00049457	0.00232613	0.00350628	0.00795701	0.00642477	0.00014033	0.00040114	0.00038365	0.00078408	0.00066640	0.00022895	0.00028361	0.00022269	0.00003091	0.00040895	
  0.18600000	0.29046479	0.45533288	0.08587376	0.02198037	0.01939954	0.02336427	0.00111948	0.07745998	0.00038533	0.00050515	0.00237571	0.00356669	0.00804764	0.00651149	0.00014293	0.00040889	0.00038959	0.00079604	0.00067874	0.00023329	0.00028828	0.00022680	0.00003147	0.00041688	
  0.18800000	0.28914979	0.45401320	0.08681192	0.02232076	0.01971675	0.02357881	0.00112924	0.07790875	0.00039122	0.00051583	0.00242565	0.00362703	0.00813768	0.00659776	0.00014556	0.00041668	0.00039558	0.00080809	0.00069119	0.00023767	0.00029299	0.00023094	0.00003203	0.00042486	
  0.19000000	0.28785947	0.45268327	0.08774008	0.02266073	0.02003459	0.02379358	0.00113907	0.07835270	0.00039717	0.00052661	0.00247593	0.00368729	0.00822715	0.00668359	0.00014822	0.00042452	0.00040163	0.00082022	0.00070377	0.00024209	0.00029772	0.00023511	0.00003260	0.00043288	
  0.19200000	0.28659266	0.45134425	0.08865832	0.02300025	0.02035302	0.02400861	0.00114898	0.07879193	0.00040316	0.00053749	0.00252654	0.00374745	0.00831604	0.00676898	0.00015089	0.00043239	0.00040773	0.00083243	0.00071646	0.00024655	0.00030249	0.00023929	0.00003318	0.00044094	
  0.19400000	0.28534818	0.44999716	0.08956669	0.02333926	0.02067200	0.02422391	0.00115896	0.07922649	0.00040921	0.00054846	0.00257750	0.00380752	0.00840437	0.00685391	0.00015359	0.00044030	0.00041388	0.00084472	0.00072926	0.00025105	0.00030729	0.00024351	0.00003376	0.00044905	
  0.19600000	0.28412497	0.44864300	0.09046529	0.02367773	0.02099153	0.02443949	0.00116901	0.07965644	0.00041532	0.00055954	0.00262878	0.00386749	0.00849214	0.00693840	0.00015630	0.00044825	0.00042008	0.00085709	0.00074218	0.00025559	0.00031212	0.00024774	0.00003434	0.00045719	
  0.19800000	0.28292203	0.44728270	0.09135418	0.02401561	0.02131155	0.02465536	0.00117914	0.08008189	0.00042147	0.00057071	0.00268038	0.00392735	0.00857936	0.00702243	0.00015904	0.00045624	0.00042633	0.00086955	0.00075521	0.00026017	0.00031698	0.00025201	0.00003493	0.00046539	
  0.20000000	0.28173843	0.44591713	0.09223346	0.02435287	0.02163205	0.02487152	0.00118934	0.08050286	0.00042768	0.00058198	0.00273230	0.00398709	0.00866603	0.00710602	0.00016180	0.00046427	0.00043264	0.00088209	0.00076835	0.00026478	0.00032188	0.00025629	0.00003553	0.00047362	
  0.20200000	0.28057325	0.44454712	0.09310319	0.02468946	0.02195300	0.02508800	0.00119960	0.08091944	0.00043394	0.00059334	0.00278453	0.00404672	0.00875216	0.00718915	0.00016459	0.00047234	0.00043900	0.00089471	0.00078160	0.00026944	0.00032681	0.00026060	0.00003613	0.00048190	
  0.20400000	0.27942565	0.44317341	0.09396346	0.02502536	0.02227436	0.02530479	0.00120994	0.08133168	0.00044026	0.00060481	0.00283707	0.00410623	0.00883775	0.00727184	0.00016739	0.00048044	0.00044541	0.00090741	0.00079497	0.00027413	0.00033177	0.00026494	0.00003674	0.00049022	
  0.20600000	0.27829483	0.44179672	0.09481435	0.02536052	0.02259612	0.02552191	0.00122035	0.08173963	0.00044662	0.00061637	0.00288991	0.00416561	0.00892282	0.00735407	0.00017021	0.00048858	0.00045188	0.00092020	0.00080844	0.00027887	0.00033676	0.00026930	0.00003735	0.00049858	
  0.20800000	0.27718011	0.44041771	0.09565596	0.02569491	0.02291823	0.02573935	0.00123083	0.08214337	0.00045304	0.00062803	0.00294305	0.00422485	0.00900736	0.00743585	0.00017306	0.00049675	0.00045840	0.00093307	0.00082202	0.00028364	0.00034179	0.00027369	0.00003796	0.00050698	
  0.21000000	0.27608070	0.43903702	0.09648836	0.02602850	0.02324068	0.02595712	0.00124138	0.08254293	0.00045951	0.00063978	0.00299648	0.00428397	0.00909139	0.00751718	0.00017592	0.00050496	0.00046497	0.00094602	0.00083571	0.00028846	0.00034686	0.00027810	0.00003859	0.00051542	
  0.21200000	0.27499598	0.43765521	0.09731163	0.02636126	0.02356344	0.02617523	0.00125200	0.08293838	0.00046604	0.00065163	0.00305019	0.00434294	0.00917490	0.00759806	0.00017881	0.00051321	0.00047159	0.00095906	0.00084951	0.00029331	0.00035195	0.00028253	0.00003921	0.00052390	
  0.21400000	0.27392533	0.43627283	0.09812587	0.02669316	0.02388649	0.02639368	0.00126270	0.08332976	0.00047261	0.00066358	0.00310419	0.00440177	0.00925792	0.00767849	0.00018172	0.00052149	0.00047827	0.00097218	0.00086342	0.00029820	0.00035708	0.00028700	0.00003984	0.00053242	
  0.21600000	0.27286819	0.43489039	0.09893116	0.02702416	0.02420978	0.02661247	0.00127346	0.08371712	0.00047924	0.00067563	0.00315846	0.00446045	0.00934043	0.00775847	0.00018465	0.00052981	0.00048500	0.00098539	0.00087743	0.00030313	0.00036225	0.00029148	0.00004048	0.00054098	
  0.21800000	0.27182397	0.43350834	0.09972759	0.02735425	0.02453331	0.02683160	0.00128430	0.08410051	0.00048592	0.00068777	0.00321300	0.00451898	0.00942245	0.00783800	0.00018760	0.00053816	0.00049178	0.00099867	0.00089155	0.00030811	0.00036745	0.00029600	0.00004112	0.00054958	
  0.22000000	0.27079216	0.43212715	0.10051524	0.02768340	0.02485705	0.02705107	0.00129521	0.08447998	0.00049266	0.00070001	0.00326780	0.00457736	0.00950398	0.00791709	0.00019057	0.00054654	0.00049861	0.00101204	0.00090578	0.00031312	0.00037268	0.00030054	0.00004177	0.00055821	
  0.22200000	0.26977229	0.43074718	0.10129420	0.02801158	0.02518096	0.02727089	0.00130619	0.08485556	0.00049944	0.00071234	0.00332287	0.00463559	0.00958503	0.00799573	0.00019356	0.00055496	0.00050550	0.00102550	0.00092010	0.00031816	0.00037795	0.00030510	0.00004242	0.00056689	
  0.22400000	0.26876387	0.42936888	0.10206457	0.02833877	0.02550503	0.02749104	0.00131724	0.08522731	0.00050628	0.00072477	0.00337819	0.00469365	0.00966560	0.00807392	0.00019657	0.00056341	0.00051244	0.00103903	0.00093453	0.00032325	0.00038326	0.00030970	0.00004308	0.00057560	
  0.22600000	0.26776648	0.42799255	0.10282643	0.02866494	0.02582923	0.02771154	0.00132837	0.08559527	0.00051317	0.00073729	0.00343376	0.00475156	0.00974570	0.00815168	0.00019960	0.00057189	0.00051943	0.00105265	0.00094907	0.00032838	0.00038860	0.00031432	0.00004374	0.00058436	
  0.22800000	0.26677975	0.42661855	0.10357986	0.02899009	0.02615353	0.02793238	0.00133956	0.08595946	0.00052012	0.00074991	0.00348957	0.00480930	0.00982533	0.00822899	0.00020265	0.00058041	0.00052647	0.00106636	0.00096370	0.00033354	0.00039397	0.00031896	0.00004441	0.00059315	
  0.23000000	0.26580322	0.42524713	0.10432494	0.02931418	0.02647792	0.02815356	0.00135083	0.08631994	0.00052711	0.00076263	0.00354562	0.00486688	0.00990450	0.00830587	0.00020573	0.00058895	0.00053356	0.00108014	0.00097844	0.00033875	0.00039938	0.00032363	0.00004508	0.00060197	
  0.23200000	0.26483661	0.42387864	0.10506178	0.02963719	0.02680237	0.02837507	0.00136217	0.08667674	0.00053416	0.00077543	0.00360191	0.00492430	0.00998321	0.00838231	0.00020882	0.00059753	0.00054071	0.00109401	0.00099327	0.00034399	0.00040483	0.00032833	0.00004576	0.00061084	
  0.23400000	0.26387951	0.42251334	0.10579045	0.02995912	0.02712685	0.02859691	0.00137358	0.08702990	0.00054126	0.00078834	0.00365843	0.00498154	0.01006147	0.00845831	0.00021193	0.00060614	0.00054791	0.00110796	0.00100821	0.00034928	0.00041031	0.00033306	0.00004644	0.00061974	
  0.23600000	0.26293164	0.42115140	0.10651104	0.03027994	0.02745135	0.02881908	0.00138506	0.08737946	0.00054841	0.00080134	0.00371518	0.00503862	0.01013928	0.00853388	0.00021506	0.00061478	0.00055516	0.00112200	0.00102325	0.00035460	0.00041583	0.00033781	0.00004713	0.00062867	
  0.23800000	0.26199269	0.41979313	0.10722364	0.03059964	0.02777584	0.02904158	0.00139660	0.08772545	0.00055562	0.00081443	0.00377215	0.00509552	0.01021665	0.00860903	0.00021821	0.00062346	0.00056246	0.00113612	0.00103838	0.00035996	0.00042139	0.00034259	0.00004783	0.00063765	
  0.24000000	0.26106238	0.41843870	0.10792832	0.03091819	0.02810030	0.02926439	0.00140822	0.08806790	0.00056288	0.00082761	0.00382933	0.00515225	0.01029358	0.00868374	0.00022138	0.00063216	0.00056981	0.00115032	0.00105361	0.00036536	0.00042698	0.00034740	0.00004853	0.00064666	
  0.24200000	0.26014042	0.41708830	0.10862518	0.03123560	0.02842471	0.02948753	0.00141991	0.08840686	0.00057018	0.00084089	0.00388672	0.00520881	0.01037008	0.00875802	0.00022457	0.00064089	0.00057722	0.00116460	0.00106894	0.00037079	0.00043261	0.00035224	0.00004923	0.00065570	
  0.24400000	0.25922656	0.41574213	0.10931430	0.03155184	0.02874905	0.02971097	0.00143166	0.08874235	0.00057754	0.00085426	0.00394432	0.00526519	0.01044615	0.00883189	0.00022778	0.00064965	0.00058467	0.00117897	0.00108436	0.00037627	0.00043827	0.00035710	0.00004994	0.00066478	
  0.24600000	0.25832054	0.41440034	0.10999576	0.03186691	0.02907329	0.02993471	0.00144349	0.08907440	0.00058496	0.00086772	0.00400212	0.00532140	0.01052179	0.00890533	0.00023101	0.00065844	0.00059218	0.00119341	0.00109988	0.00038178	0.00044397	0.00036199	0.00005065	0.00067389	
  0.24800000	0.25742221	0.41306308	0.11066964	0.03218078	0.02939743	0.03015876	0.00145538	0.08940306	0.00059242	0.00088128	0.00406012	0.00537743	0.01059702	0.00897835	0.00023426	0.00066726	0.00059974	0.00120794	0.00111549	0.00038734	0.00044971	0.00036691	0.00005137	0.00068304	
  0.25000000	0.25653127	0.41173047	0.11133603	0.03249346	0.02972142	0.03038310	0.00146734	0.08972834	0.00059994	0.00089493	0.00411831	0.00543328	0.01067182	0.00905095	0.00023752	0.00067611	0.00060735	0.00122255	0.00113120	0.00039293	0.00045549	0.00037186	0.00005210	0.00069222	
  0.25200000	0.25564754	0.41040269	0.11199501	0.03280492	0.03004527	0.03060772	0.00147936	0.09005028	0.00060750	0.00090867	0.00417669	0.00548896	0.01074622	0.00912315	0.00024081	0.00068499	0.00061501	0.00123725	0.00114700	0.00039856	0.00046130	0.00037684	0.00005283	0.00070144	
  0.25400000	0.25477087	0.40907982	0.11264665	0.03311517	0.03036895	0.03083262	0.00149145	0.09036891	0.00061512	0.00092250	0.00423525	0.00554445	0.01082020	0.00919493	0.00024411	0.00069389	0.00062272	0.00125202	0.00116289	0.00040423	0.00046715	0.00038184	0.00005357	0.00071069	
  0.25600000	0.25390103	0.40776196	0.11329105	0.03342418	0.03069243	0.03105780	0.00150360	0.09068426	0.00062279	0.00093642	0.00429400	0.00559977	0.01089378	0.00926630	0.00024743	0.00070282	0.00063049	0.00126688	0.00117888	0.00040993	0.00047304	0.00038688	0.00005431	0.00071997	
  0.25800000	0.25303787	0.40644923	0.11392827	0.03373196	0.03101571	0.03128324	0.00151582	0.09099635	0.00063051	0.00095044	0.00435291	0.00565490	0.01096696	0.00933726	0.00025077	0.00071178	0.00063830	0.00128181	0.00119495	0.00041568	0.00047896	0.00039194	0.00005506	0.00072929	
  0.26000000	0.25218123	0.40514171	0.11455841	0.03403850	0.03133876	0.03150894	0.00152811	0.09130522	0.00063828	0.00096454	0.00441200	0.00570986	0.01103975	0.00940782	0.00025412	0.00072077	0.00064617	0.00129683	0.00121112	0.00042146	0.00048493	0.00039703	0.00005581	0.00073864	
  0.26200000	0.25133094	0.40383950	0.11518153	0.03434378	0.03166156	0.03173490	0.00154045	0.09161089	0.00064611	0.00097874	0.00447126	0.00576464	0.01111214	0.00947798	0.00025750	0.00072978	0.00065408	0.00131193	0.00122737	0.00042728	0.00049093	0.00040215	0.00005656	0.00074802	
  0.26400000	0.25048685	0.40254262	0.11579771	0.03464781	0.03198410	0.03196109	0.00155286	0.09191339	0.00065398	0.00099302	0.00453068	0.00581923	0.01118414	0.00954774	0.00026089	0.00073882	0.00066205	0.00132711	0.00124372	0.00043314	0.00049697	0.00040730	0.00005733	0.00075744	
  0.26600000	0.24964885	0.40125120	0.11640703	0.03495057	0.03230637	0.03218752	0.00156533	0.09221274	0.00066191	0.00100740	0.00459025	0.00587364	0.01125576	0.00961710	0.00026430	0.00074789	0.00067007	0.00134236	0.00126015	0.00043904	0.00050304	0.00041248	0.00005810	0.00076689	
  0.26800000	0.24881680	0.39996529	0.11700957	0.03525206	0.03262833	0.03241418	0.00157787	0.09250898	0.00066988	0.00102186	0.00464998	0.00592788	0.01132699	0.00968607	0.00026772	0.00075698	0.00067813	0.00135770	0.00127667	0.00044497	0.00050916	0.00041768	0.00005887	0.00077637	
  0.27000000	0.24799056	0.39868489	0.11760540	0.03555229	0.03294999	0.03264105	0.00159046	0.09280213	0.00067791	0.00103641	0.00470986	0.00598193	0.01139785	0.00975465	0.00027116	0.00076610	0.00068625	0.00137312	0.00129328	0.00045095	0.00051531	0.00042292	0.00005965	0.00078588	
  0.27200000	0.24717003	0.39741009	0.11819459	0.03585123	0.03327132	0.03286814	0.00160312	0.09309221	0.00068598	0.00105105	0.00476989	0.00603580	0.01146833	0.00982285	0.00027462	0.00077525	0.00069442	0.00138862	0.00130997	0.00045696	0.00052150	0.00042819	0.00006043	0.00079542	
  0.27400000	0.24635509	0.39614093	0.11877723	0.03614888	0.03359230	0.03309543	0.00161583	0.09337925	0.00069411	0.00106578	0.00483006	0.00608949	0.01153844	0.00989066	0.00027809	0.00078442	0.00070264	0.00140419	0.00132675	0.00046301	0.00052773	0.00043348	0.00006122	0.00080499	
  0.27600000	0.24554563	0.39487746	0.11935338	0.03644525	0.03391293	0.03332290	0.00162861	0.09366328	0.00070229	0.00108060	0.00489037	0.00614300	0.01160818	0.00995808	0.00028158	0.00079361	0.00071090	0.00141985	0.00134361	0.00046909	0.00053400	0.00043881	0.00006201	0.00081460	
  0.27800000	0.24474153	0.39361966	0.11992311	0.03674033	0.03423318	0.03355057	0.00164144	0.09394430	0.00071052	0.00109550	0.00495081	0.00619633	0.01167756	0.01002512	0.00028509	0.00080283	0.00071922	0.00143558	0.00136056	0.00047522	0.00054031	0.00044417	0.00006281	0.00082423	
  0.28000000	0.24394274	0.39236763	0.12048650	0.03703412	0.03455304	0.03377840	0.00165433	0.09422237	0.00071879	0.00111049	0.00501138	0.00624947	0.01174658	0.01009179	0.00028861	0.00081207	0.00072759	0.00145139	0.00137759	0.00048138	0.00054666	0.00044955	0.00006362	0.00083390	
  0.28200000	0.24314912	0.39112133	0.12104362	0.03732661	0.03487250	0.03400641	0.00166729	0.09449749	0.00072712	0.00112557	0.00507208	0.00630244	0.01181523	0.01015809	0.00029215	0.00082134	0.00073600	0.00146728	0.00139471	0.00048758	0.00055304	0.00045497	0.00006443	0.00084360	
  0.28400000	0.24236061	0.38988084	0.12159453	0.03761781	0.03519154	0.03423457	0.00168029	0.09476969	0.00073550	0.00114073	0.00513290	0.00635523	0.01188354	0.01022401	0.00029571	0.00083063	0.00074447	0.00148325	0.00141191	0.00049381	0.00055946	0.00046042	0.00006524	0.00085332	
