  0.00000000	0.00000000	0.00000000	0.00000000	0.00000000	0.00000000	1.00000000	0.00000000	0.00000000	0.00000000	0.00000000	0.00000000	0.00000000	0.00000000	0.00000000	0.00000000	0.00000000	0.00000000	0.00000000	0.00000000	0.00000000	0.00000000	0.00000000	0.00000000	0.00000000	
  0.00200000	0.00001477	0.00000799	0.00000600	0.00002525	0.00044194	0.99933410	0.00015421	0.00000757	0.00000000	0.00000007	0.00000009	0.00000028	0.00000028	0.00000032	0.00000036	0.00000014	0.00000032	0.00000384	0.00000075	0.00000002	0.00000000	0.00000032	0.00000000	0.00000136	
  0.00400000	0.00005885	0.00003192	0.00002400	0.00010230	0.00176104	0.99734879	0.00061029	0.00003017	0.00000001	0.00000028	0.00000036	0.00000111	0.00000111	0.00000128	0.00000144	0.00000057	0.00000130	0.00001532	0.00000301	0.00000009	0.00000001	0.00000128	0.00000001	0.00000545	
  0.00600000	0.00013160	0.00007169	0.00005397	0.00023500	0.00393764	0.99408013	0.00134914	0.00006753	0.00000002	0.00000062	0.00000082	0.00000251	0.00000251	0.00000286	0.00000321	0.00000127	0.00000300	0.00003434	0.00000679	0.00000022	0.00000003	0.00000286	0.00000005	0.00001222	
  0.00800000	0.00023201	0.00012710	0.00009589	0.00042943	0.00694039	0.98958516	0.00234072	0.00011920	0.00000004	0.00000110	0.00000146	0.00000446	0.00000445	0.00000506	0.00000561	0.00000226	0.00000548	0.00006073	0.00001211	0.00000041	0.00000007	0.00000506	0.00000015	0.00002163	
  0.01000000	0.00035871	0.00019794	0.00014977	0.00069356	0.01072763	0.98393893	0.00354611	0.00018461	0.00000007	0.00000171	0.00000229	0.00000696	0.00000695	0.00000785	0.00000860	0.00000352	0.00000888	0.00009426	0.00001899	0.00000067	0.00000015	0.00000785	0.00000033	0.00003361	
  0.01200000	0.00051007	0.00028394	0.00021571	0.00103665	0.01524894	0.97723073	0.00491996	0.00026305	0.00000012	0.00000244	0.00000330	0.00001002	0.00001000	0.00001122	0.00001209	0.00000505	0.00001331	0.00013468	0.00002746	0.00000104	0.00000028	0.00001122	0.00000064	0.00004808	
  0.01400000	0.00068422	0.00038476	0.00029387	0.00146870	0.02044687	0.96956021	0.00641314	0.00035368	0.00000020	0.00000329	0.00000450	0.00001362	0.00001361	0.00001515	0.00001601	0.00000684	0.00001893	0.00018167	0.00003755	0.00000151	0.00000049	0.00001515	0.00000112	0.00006494	
  0.01600000	0.00087911	0.00050006	0.00038457	0.00199990	0.02625869	0.96103352	0.00797532	0.00045562	0.00000030	0.00000426	0.00000590	0.00001775	0.00001775	0.00001960	0.00002027	0.00000888	0.00002589	0.00023491	0.00004929	0.00000212	0.00000079	0.00001960	0.00000181	0.00008408	
  0.01800000	0.00109258	0.00062945	0.00048827	0.00264004	0.03261812	0.95175976	0.00955745	0.00056790	0.00000044	0.00000533	0.00000749	0.00002238	0.00002245	0.00002454	0.00002478	0.00001117	0.00003434	0.00029406	0.00006270	0.00000289	0.00000121	0.00002454	0.00000273	0.00010537	
  0.02000000	0.00132241	0.00077251	0.00060560	0.00339810	0.03945696	0.94184726	0.01111377	0.00068950	0.00000063	0.00000651	0.00000928	0.00002750	0.00002767	0.00002996	0.00002946	0.00001369	0.00004444	0.00035876	0.00007782	0.00000383	0.00000178	0.00002996	0.00000391	0.00012867	
  0.02200000	0.00156634	0.00092881	0.00073736	0.00428184	0.04670667	0.93140107	0.01260352	0.00081940	0.00000086	0.00000778	0.00001127	0.00003306	0.00003343	0.00003583	0.00003423	0.00001642	0.00005632	0.00042866	0.00009466	0.00000498	0.00000251	0.00003582	0.00000536	0.00015383	
  0.02400000	0.00182215	0.00109789	0.00088454	0.00529761	0.05429960	0.92052019	0.01399217	0.00095654	0.00000114	0.00000914	0.00001347	0.00003904	0.00003972	0.00004210	0.00003900	0.00001936	0.00007010	0.00050339	0.00011324	0.00000635	0.00000343	0.00004210	0.00000708	0.00018069	
  0.02600000	0.00208766	0.00127926	0.00104829	0.00645014	0.06217019	0.90929610	0.01525210	0.00109991	0.00000148	0.00001059	0.00001587	0.00004538	0.00004651	0.00004877	0.00004372	0.00002248	0.00008590	0.00058261	0.00013358	0.00000796	0.00000456	0.00004876	0.00000907	0.00020910	
  0.02800000	0.00236081	0.00147243	0.00122990	0.00774248	0.07025588	0.89781159	0.01636297	0.00124849	0.00000189	0.00001212	0.00001848	0.00005206	0.00005381	0.00005579	0.00004831	0.00002577	0.00010378	0.00066600	0.00015569	0.00000985	0.00000591	0.00005578	0.00001131	0.00023887	
  0.03000000	0.00263964	0.00167689	0.00143081	0.00917602	0.07849776	0.88613993	0.01731160	0.00140132	0.00000235	0.00001373	0.00002131	0.00005902	0.00006160	0.00006314	0.00005274	0.00002921	0.00012381	0.00075324	0.00017959	0.00001202	0.00000752	0.00006313	0.00001376	0.00026985	
  0.03200000	0.00292232	0.00189210	0.00165254	0.01075052	0.08684111	0.87434477	0.01809160	0.00155749	0.00000289	0.00001541	0.00002434	0.00006623	0.00006987	0.00007081	0.00005695	0.00003279	0.00014602	0.00084403	0.00020526	0.00001449	0.00000940	0.00007079	0.00001640	0.00030186	
  0.03400000	0.00320718	0.00211755	0.00189668	0.01246426	0.09523574	0.86248034	0.01870271	0.00171613	0.00000348	0.00001716	0.00002759	0.00007364	0.00007860	0.00007876	0.00006094	0.00003647	0.00017042	0.00093809	0.00023274	0.00001728	0.00001156	0.00007874	0.00001919	0.00033475	
  0.03600000	0.00349269	0.00235269	0.00216486	0.01431410	0.10363610	0.85059202	0.01915004	0.00187644	0.00000415	0.00001897	0.00003105	0.00008123	0.00008779	0.00008698	0.00006467	0.00004025	0.00019699	0.00103516	0.00026201	0.00002041	0.00001401	0.00008695	0.00002209	0.00036834	
  0.03800000	0.00377750	0.00259698	0.00245869	0.01629563	0.11200131	0.83871710	0.01944313	0.00203771	0.00000489	0.00002085	0.00003472	0.00008896	0.00009741	0.00009544	0.00006814	0.00004411	0.00022571	0.00113500	0.00029308	0.00002388	0.00001678	0.00009539	0.00002505	0.00040250	
  0.04000000	0.00406039	0.00284987	0.00277978	0.01840333	0.12029514	0.82688570	0.01959506	0.00219927	0.00000569	0.00002279	0.00003861	0.00009681	0.00010745	0.00010412	0.00007135	0.00004803	0.00025651	0.00123737	0.00032596	0.00002772	0.00001986	0.00010406	0.00002805	0.00043708	
  0.04200000	0.00434032	0.00311082	0.00312966	0.02063071	0.12848578	0.81512153	0.01962147	0.00236054	0.00000655	0.00002480	0.00004271	0.00010476	0.00011790	0.00011302	0.00007431	0.00005200	0.00028933	0.00134208	0.00036064	0.00003192	0.00002327	0.00011293	0.00003104	0.00047194	
  0.04400000	0.00461638	0.00337927	0.00350977	0.02297039	0.13654564	0.80344319	0.01953970	0.00252100	0.00000748	0.00002685	0.00004702	0.00011279	0.00012874	0.00012210	0.00007705	0.00005600	0.00032409	0.00144892	0.00039712	0.00003650	0.00002701	0.00012199	0.00003399	0.00050699	
  0.04600000	0.00488782	0.00365470	0.00392146	0.02541430	0.14445107	0.79186517	0.01936799	0.00268020	0.00000847	0.00002897	0.00005153	0.00012089	0.00013995	0.00013136	0.00007958	0.00006003	0.00036069	0.00155771	0.00043538	0.00004147	0.00003108	0.00013122	0.00003688	0.00054209	
  0.04800000	0.00515401	0.00393656	0.00436593	0.02795379	0.15218207	0.78039831	0.01912474	0.00283777	0.00000952	0.00003114	0.00005626	0.00012905	0.00015152	0.00014077	0.00008193	0.00006406	0.00039904	0.00166829	0.00047542	0.00004682	0.00003550	0.00014061	0.00003970	0.00057717	
  0.05000000	0.00541445	0.00422434	0.00484424	0.03057972	0.15972203	0.76905131	0.01882790	0.00299338	0.00001063	0.00003336	0.00006118	0.00013728	0.00016343	0.00015034	0.00008413	0.00006809	0.00043902	0.00178048	0.00051721	0.00005257	0.00004026	0.00015013	0.00004243	0.00061213	
  0.05200000	0.00566874	0.00451751	0.00535729	0.03328264	0.16705734	0.75783068	0.01849446	0.00314676	0.00001179	0.00003564	0.00006631	0.00014555	0.00017566	0.00016003	0.00008622	0.00007211	0.00048053	0.00189414	0.00056074	0.00005871	0.00004537	0.00015978	0.00004508	0.00064690	
  0.05400000	0.00591660	0.00481559	0.00590582	0.03605290	0.17417714	0.74674207	0.01814006	0.00329772	0.00001300	0.00003797	0.00007163	0.00015389	0.00018821	0.00016985	0.00008822	0.00007612	0.00052346	0.00200911	0.00060598	0.00006525	0.00005081	0.00016955	0.00004763	0.00068143	
  0.05600000	0.00615782	0.00511809	0.00649038	0.03888076	0.18107305	0.73579013	0.01777871	0.00344607	0.00001425	0.00004034	0.00007715	0.00016227	0.00020105	0.00017978	0.00009018	0.00008010	0.00056769	0.00212527	0.00065289	0.00007219	0.00005660	0.00017943	0.00005012	0.00071566	
  0.05800000	0.00639231	0.00542453	0.00711137	0.04175651	0.18773887	0.72497928	0.01742254	0.00359170	0.00001555	0.00004277	0.00008286	0.00017072	0.00021418	0.00018982	0.00009212	0.00008406	0.00061312	0.00224248	0.00070145	0.00007952	0.00006272	0.00018939	0.00005254	0.00074956	
  0.06000000	0.00662001	0.00573448	0.00776900	0.04467060	0.19417033	0.71431386	0.01708176	0.00373453	0.00001689	0.00004524	0.00008877	0.00017923	0.00022757	0.00019994	0.00009408	0.00008798	0.00065965	0.00236062	0.00075160	0.00008724	0.00006918	0.00019945	0.00005492	0.00078308	
  0.06200000	0.00684095	0.00604749	0.00846333	0.04761375	0.20036486	0.70379812	0.01676458	0.00387449	0.00001827	0.00004776	0.00009485	0.00018780	0.00024121	0.00021015	0.00009607	0.00009188	0.00070718	0.00247955	0.00080331	0.00009535	0.00007598	0.00020958	0.00005727	0.00081621	
  0.06400000	0.00705521	0.00636316	0.00919424	0.05057699	0.20632140	0.69343656	0.01647730	0.00401158	0.00001969	0.00005032	0.00010113	0.00019643	0.00025510	0.00022044	0.00009813	0.00009574	0.00075560	0.00259918	0.00085653	0.00010383	0.00008310	0.00021978	0.00005962	0.00084894	
  0.06600000	0.00726292	0.00668110	0.00996148	0.05355182	0.21204022	0.68323380	0.01622435	0.00414578	0.00002114	0.00005293	0.00010758	0.00020514	0.00026921	0.00023080	0.00010027	0.00009956	0.00080483	0.00271937	0.00091121	0.00011270	0.00009053	0.00023005	0.00006198	0.00088124	
  0.06800000	0.00746424	0.00700095	0.01076465	0.05653022	0.21752267	0.67319453	0.01600848	0.00427713	0.00002262	0.00005558	0.00011421	0.00021391	0.00028354	0.00024122	0.00010250	0.00010335	0.00085479	0.00284003	0.00096730	0.00012193	0.00009829	0.00024037	0.00006438	0.00091312	
  0.07000000	0.00765938	0.00732235	0.01160323	0.05950473	0.22277111	0.66332346	0.01583090	0.00440566	0.00002413	0.00005826	0.00012102	0.00022276	0.00029808	0.00025171	0.00010484	0.00010710	0.00090541	0.00296106	0.00102475	0.00013153	0.00010636	0.00025075	0.00006683	0.00094458	
  0.07200000	0.00784856	0.00764498	0.01247659	0.06246848	0.22778875	0.65362537	0.01569151	0.00453143	0.00002567	0.00006099	0.00012799	0.00023169	0.00031281	0.00026226	0.00010729	0.00011081	0.00095660	0.00308235	0.00108349	0.00014149	0.00011473	0.00026118	0.00006936	0.00097562	
  0.07400000	0.00803204	0.00796855	0.01338398	0.06541522	0.23257948	0.64410472	0.01558909	0.00465451	0.00002723	0.00006376	0.00013514	0.00024069	0.00032772	0.00027286	0.00010986	0.00011449	0.00100832	0.00320381	0.00114348	0.00015180	0.00012339	0.00027166	0.00007197	0.00100624	
  0.07600000	0.00821008	0.00829277	0.01432458	0.06833929	0.23714784	0.63476574	0.01552151	0.00477496	0.00002882	0.00006657	0.00014246	0.00024978	0.00034280	0.00028352	0.00011255	0.00011813	0.00106050	0.00332535	0.00120466	0.00016245	0.00013235	0.00028218	0.00007468	0.00103647	
  0.07800000	0.00838295	0.00861739	0.01529749	0.07123567	0.24149880	0.62561226	0.01548595	0.00489287	0.00003043	0.00006941	0.00014994	0.00025896	0.00035805	0.00029423	0.00011534	0.00012174	0.00111309	0.00344688	0.00126698	0.00017344	0.00014160	0.00029275	0.00007749	0.00106631	
  0.08000000	0.00855096	0.00894217	0.01630176	0.07409994	0.24563777	0.61664766	0.01547909	0.00500833	0.00003206	0.00007228	0.00015759	0.00026822	0.00037346	0.00030500	0.00011825	0.00012532	0.00116605	0.00356833	0.00133037	0.00018476	0.00015112	0.00030336	0.00008040	0.00109577	
  0.08200000	0.00871437	0.00926691	0.01733638	0.07692821	0.24957050	0.60787469	0.01549730	0.00512144	0.00003371	0.00007519	0.00016539	0.00027758	0.00038901	0.00031582	0.00012125	0.00012887	0.00121934	0.00368962	0.00139479	0.00019640	0.00016091	0.00031402	0.00008343	0.00112488	
  0.08400000	0.00887350	0.00959140	0.01840030	0.07971718	0.25330299	0.59929550	0.01553680	0.00523227	0.00003538	0.00007814	0.00017336	0.00028704	0.00040471	0.00032669	0.00012434	0.00013239	0.00127292	0.00381067	0.00146018	0.00020837	0.00017097	0.00032472	0.00008656	0.00115365	
  0.08600000	0.00902862	0.00991548	0.01949244	0.08246402	0.25684136	0.59091157	0.01559380	0.00534094	0.00003707	0.00008111	0.00018148	0.00029659	0.00042055	0.00033762	0.00012751	0.00013588	0.00132676	0.00393142	0.00152649	0.00022065	0.00018129	0.00033547	0.00008979	0.00118210	
  0.08800000	0.00918003	0.01023899	0.02061172	0.08516634	0.26019198	0.58272368	0.01566461	0.00544753	0.00003878	0.00008411	0.00018976	0.00030625	0.00043651	0.00034861	0.00013075	0.00013935	0.00138084	0.00405180	0.00159366	0.00023324	0.00019187	0.00034626	0.00009311	0.00121025	
  0.09000000	0.00932800	0.01056178	0.02175703	0.08782217	0.26336119	0.57473189	0.01574576	0.00555213	0.00004051	0.00008715	0.00019819	0.00031600	0.00045260	0.00035966	0.00013404	0.00014279	0.00143512	0.00417176	0.00166166	0.00024613	0.00020269	0.00035711	0.00009652	0.00123811	
  0.09200000	0.00947281	0.01088375	0.02292725	0.09042992	0.26635537	0.56693566	0.01583405	0.00565484	0.00004226	0.00009021	0.00020677	0.00032587	0.00046881	0.00037077	0.00013738	0.00014621	0.00148960	0.00429123	0.00173041	0.00025933	0.00021376	0.00036800	0.00010001	0.00126571	
  0.09400000	0.00961471	0.01120479	0.02412129	0.09298830	0.26918095	0.55933368	0.01592660	0.00575575	0.00004402	0.00009330	0.00021551	0.00033584	0.00048514	0.00038194	0.00014076	0.00014962	0.00154425	0.00441018	0.00179989	0.00027283	0.00022506	0.00037895	0.00010357	0.00129307	
  0.09600000	0.00975397	0.01152481	0.02533804	0.09549632	0.27184430	0.55192405	0.01602090	0.00585495	0.00004580	0.00009641	0.00022439	0.00034593	0.00050157	0.00039318	0.00014417	0.00015300	0.00159906	0.00452855	0.00187005	0.00028661	0.00023660	0.00038995	0.00010719	0.00132019	
  0.09800000	0.00989082	0.01184372	0.02657641	0.09795322	0.27435166	0.54470444	0.01611481	0.00595250	0.00004760	0.00009956	0.00023343	0.00035613	0.00051812	0.00040448	0.00014759	0.00015637	0.00165402	0.00464630	0.00194084	0.00030069	0.00024836	0.00040100	0.00011085	0.00134710	
  0.10000000	0.01002549	0.01216148	0.02783532	0.10035843	0.27670920	0.53767180	0.01620657	0.00604851	0.00004942	0.00010273	0.00024261	0.00036644	0.00053477	0.00041585	0.00015103	0.00015973	0.00170911	0.00476340	0.00201221	0.00031506	0.00026035	0.00041212	0.00011456	0.00137381	
  0.10200000	0.01015820	0.01247803	0.02911372	0.10271160	0.27892300	0.53082287	0.01629478	0.00614303	0.00005125	0.00010592	0.00025194	0.00037686	0.00055153	0.00042729	0.00015447	0.00016307	0.00176432	0.00487980	0.00208414	0.00032970	0.00027256	0.00042329	0.00011829	0.00140034	
  0.10400000	0.01028916	0.01279333	0.03041056	0.10501249	0.28099898	0.52415383	0.01637838	0.00623616	0.00005310	0.00010914	0.00026142	0.00038741	0.00056839	0.00043880	0.00015791	0.00016640	0.00181965	0.00499548	0.00215658	0.00034463	0.00028499	0.00043453	0.00012204	0.00142670	
  0.10600000	0.01041855	0.01310734	0.03172482	0.10726102	0.28294283	0.51766062	0.01645662	0.00632794	0.00005497	0.00011238	0.00027105	0.00039807	0.00058535	0.00045038	0.00016135	0.00016972	0.00187509	0.00511040	0.00222949	0.00035983	0.00029762	0.00044583	0.00012581	0.00145291	
  0.10800000	0.01054656	0.01342006	0.03305551	0.10945719	0.28476024	0.51133895	0.01652906	0.00641846	0.00005685	0.00011564	0.00028081	0.00040884	0.00060241	0.00046204	0.00016478	0.00017303	0.00193062	0.00522455	0.00230284	0.00037531	0.00031047	0.00045719	0.00012958	0.00147898	
  0.11000000	0.01067336	0.01373147	0.03440164	0.11160111	0.28645656	0.50518441	0.01659548	0.00650777	0.00005875	0.00011893	0.00029073	0.00041974	0.00061956	0.00047378	0.00016821	0.00017633	0.00198624	0.00533790	0.00237659	0.00039105	0.00032352	0.00046862	0.00013335	0.00150492	
  0.11200000	0.01079910	0.01404156	0.03576227	0.11369298	0.28803706	0.49919224	0.01665587	0.00659592	0.00006067	0.00012224	0.00030078	0.00043075	0.00063681	0.00048559	0.00017162	0.00017962	0.00204195	0.00545043	0.00245072	0.00040706	0.00033677	0.00048012	0.00013712	0.00153074	
  0.11400000	0.01092393	0.01435034	0.03713645	0.11573301	0.28950682	0.49335781	0.01671040	0.00668299	0.00006261	0.00012558	0.00031099	0.00044188	0.00065415	0.00049748	0.00017503	0.00018291	0.00209773	0.00556213	0.00252519	0.00042333	0.00035023	0.00049168	0.00014089	0.00155646	
  0.11600000	0.01104798	0.01465781	0.03852329	0.11772155	0.29087070	0.48767641	0.01675938	0.00676901	0.00006456	0.00012894	0.00032133	0.00045312	0.00067159	0.00050944	0.00017842	0.00018619	0.00215358	0.00567298	0.00259997	0.00043986	0.00036387	0.00050332	0.00014465	0.00158207	
  0.11800000	0.01117137	0.01496399	0.03992189	0.11965895	0.29213339	0.48214328	0.01680321	0.00685403	0.00006654	0.00013231	0.00033182	0.00046448	0.00068911	0.00052149	0.00018181	0.00018947	0.00220949	0.00578297	0.00267504	0.00045664	0.00037772	0.00051503	0.00014839	0.00160760	
  0.12000000	0.01129421	0.01526890	0.04133141	0.12154561	0.29329941	0.47675374	0.01684237	0.00693810	0.00006852	0.00013572	0.00034245	0.00047596	0.00070674	0.00053362	0.00018519	0.00019275	0.00226545	0.00589210	0.00275036	0.00047367	0.00039175	0.00052680	0.00015213	0.00163304	
  0.12200000	0.01141662	0.01557256	0.04275098	0.12338199	0.29437310	0.47150323	0.01687739	0.00702127	0.00007053	0.00013914	0.00035322	0.00048756	0.00072445	0.00054583	0.00018857	0.00019602	0.00232146	0.00600035	0.00282592	0.00049095	0.00040597	0.00053865	0.00015586	0.00165841	
  0.12400000	0.01153867	0.01587499	0.04417980	0.12516859	0.29535863	0.46638718	0.01690881	0.00710357	0.00007256	0.00014259	0.00036413	0.00049927	0.00074225	0.00055812	0.00019193	0.00019929	0.00237750	0.00610772	0.00290168	0.00050847	0.00042038	0.00055058	0.00015957	0.00168371	
  0.12600000	0.01166047	0.01617624	0.04561708	0.12690595	0.29625997	0.46140122	0.01693719	0.00718504	0.00007460	0.00014605	0.00037519	0.00051110	0.00076015	0.00057050	0.00019530	0.00020255	0.00243358	0.00621421	0.00297764	0.00052622	0.00043498	0.00056258	0.00016328	0.00170895	
  0.12800000	0.01178207	0.01647632	0.04706204	0.12859464	0.29708093	0.45654106	0.01696305	0.00726572	0.00007666	0.00014954	0.00038638	0.00052304	0.00077813	0.00058295	0.00019866	0.00020582	0.00248968	0.00631982	0.00305375	0.00054420	0.00044975	0.00057465	0.00016698	0.00173413	
  0.13000000	0.01190356	0.01677527	0.04851392	0.13023525	0.29782525	0.45180261	0.01698689	0.00734563	0.00007874	0.00015306	0.00039772	0.00053509	0.00079621	0.00059550	0.00020202	0.00020908	0.00254579	0.00642455	0.00313001	0.00056242	0.00046471	0.00058681	0.00017068	0.00175925	
  0.13200000	0.01202499	0.01707313	0.04997201	0.13182843	0.29849637	0.44718182	0.01700919	0.00742481	0.00008083	0.00015659	0.00040920	0.00054725	0.00081438	0.00060813	0.00020538	0.00021234	0.00260190	0.00652841	0.00320639	0.00058085	0.00047985	0.00059904	0.00017437	0.00178433	
  0.13400000	0.01214643	0.01736993	0.05143557	0.13337485	0.29909766	0.44267491	0.01703036	0.00750330	0.00008295	0.00016015	0.00042082	0.00055953	0.00083264	0.00062084	0.00020875	0.00021560	0.00265800	0.00663138	0.00328287	0.00059951	0.00049516	0.00061134	0.00017807	0.00180936	
  0.13600000	0.01226791	0.01766572	0.05290394	0.13487522	0.29963237	0.43827814	0.01705078	0.00758111	0.00008508	0.00016373	0.00043258	0.00057192	0.00085099	0.00063364	0.00021211	0.00021886	0.00271409	0.00673349	0.00335944	0.00061837	0.00051065	0.00062373	0.00018176	0.00183435	
  0.13800000	0.01238950	0.01796053	0.05437644	0.13633026	0.30010357	0.43398798	0.01707076	0.00765827	0.00008723	0.00016733	0.00044448	0.00058442	0.00086943	0.00064653	0.00021548	0.00022212	0.00277016	0.00683472	0.00343607	0.00063745	0.00052632	0.00063620	0.00018545	0.00185930	
  0.14000000	0.01251121	0.01825440	0.05585241	0.13774072	0.30051419	0.42980099	0.01709058	0.00773481	0.00008940	0.00017095	0.00045652	0.00059703	0.00088796	0.00065951	0.00021886	0.00022538	0.00282619	0.00693510	0.00351276	0.00065673	0.00054215	0.00064875	0.00018915	0.00188422	
  0.14200000	0.01263310	0.01854737	0.05733124	0.13910738	0.30086708	0.42571396	0.01711045	0.00781075	0.00009158	0.00017460	0.00046871	0.00060975	0.00090658	0.00067257	0.00022223	0.00022864	0.00288218	0.00703463	0.00358948	0.00067622	0.00055816	0.00066139	0.00019286	0.00190910	
  0.14400000	0.01275519	0.01883948	0.05881231	0.14043105	0.30116493	0.42172369	0.01713055	0.00788611	0.00009378	0.00017828	0.00048103	0.00062258	0.00092530	0.00068573	0.00022561	0.00023190	0.00293812	0.00713332	0.00366622	0.00069589	0.00057434	0.00067410	0.00019657	0.00193395	
  0.14600000	0.01287751	0.01913076	0.06029503	0.14171253	0.30141035	0.41782719	0.01715100	0.00796091	0.00009600	0.00018197	0.00049349	0.00063551	0.00094410	0.00069897	0.00022900	0.00023516	0.00299399	0.00723117	0.00374296	0.00071576	0.00059068	0.00068691	0.00020029	0.00195877	
  0.14800000	0.01300008	0.01942127	0.06177884	0.14295265	0.30160576	0.41402155	0.01717190	0.00803518	0.00009824	0.00018569	0.00050609	0.00064855	0.00096300	0.00071231	0.00023239	0.00023842	0.00304979	0.00732819	0.00381970	0.00073582	0.00060719	0.00069979	0.00020402	0.00198356	
  0.15000000	0.01312292	0.01971103	0.06326317	0.14415228	0.30175361	0.41030401	0.01719330	0.00810892	0.00010050	0.00018944	0.00051883	0.00066170	0.00098199	0.00072574	0.00023579	0.00024168	0.00310551	0.00742440	0.00389642	0.00075605	0.00062387	0.00071277	0.00020775	0.00200832	
  0.15200000	0.01324605	0.02000009	0.06474749	0.14531225	0.30185610	0.40667191	0.01721522	0.00818217	0.00010277	0.00019320	0.00053171	0.00067495	0.00100107	0.00073926	0.00023920	0.00024494	0.00316114	0.00751980	0.00397311	0.00077647	0.00064070	0.00072583	0.00021150	0.00203305	
  0.15400000	0.01336949	0.02028847	0.06623130	0.14643344	0.30191547	0.40312263	0.01723767	0.00825492	0.00010506	0.00019700	0.00054472	0.00068831	0.00102024	0.00075288	0.00024260	0.00024820	0.00321666	0.00761441	0.00404975	0.00079705	0.00065771	0.00073898	0.00021526	0.00205776	
  0.15600000	0.01349324	0.02057622	0.06771408	0.14751671	0.30193377	0.39965370	0.01726062	0.00832721	0.00010737	0.00020082	0.00055788	0.00070177	0.00103951	0.00076658	0.00024602	0.00025146	0.00327208	0.00770824	0.00412633	0.00081781	0.00067487	0.00075222	0.00021903	0.00208245	
  0.15800000	0.01361733	0.02086336	0.06919536	0.14856294	0.30191299	0.39626274	0.01728404	0.00839905	0.00010969	0.00020466	0.00057118	0.00071533	0.00105887	0.00078039	0.00024944	0.00025473	0.00332738	0.00780129	0.00420285	0.00083873	0.00069219	0.00076555	0.00022281	0.00210711	
  0.16000000	0.01374175	0.02114994	0.07067468	0.14957297	0.30185506	0.39294744	0.01730788	0.00847045	0.00011204	0.00020853	0.00058461	0.00072900	0.00107832	0.00079429	0.00025286	0.00025799	0.00338255	0.00789359	0.00427929	0.00085981	0.00070967	0.00077898	0.00022660	0.00213175	
  0.16200000	0.01386651	0.02143598	0.07215158	0.15054770	0.30176178	0.38970551	0.01733209	0.00854142	0.00011440	0.00021242	0.00059818	0.00074276	0.00109787	0.00080828	0.00025629	0.00026126	0.00343759	0.00798513	0.00435565	0.00088105	0.00072731	0.00079249	0.00023040	0.00215637	
  0.16400000	0.01399163	0.02172152	0.07362565	0.15148796	0.30163491	0.38653487	0.01735659	0.00861198	0.00011677	0.00021635	0.00061189	0.00075663	0.00111751	0.00082237	0.00025972	0.00026452	0.00349248	0.00807593	0.00443191	0.00090244	0.00074510	0.00080610	0.00023421	0.00218096	
  0.16600000	0.01411710	0.02200658	0.07509646	0.15239465	0.30147612	0.38343340	0.01738133	0.00868215	0.00011917	0.00022029	0.00062574	0.00077059	0.00113724	0.00083656	0.00026316	0.00026779	0.00354722	0.00816600	0.00450807	0.00092398	0.00076305	0.00081980	0.00023803	0.00220553	
  0.16800000	0.01424294	0.02229119	0.07656361	0.15326858	0.30128706	0.38039905	0.01740625	0.00875193	0.00012158	0.00022427	0.00063972	0.00078465	0.00115706	0.00085084	0.00026660	0.00027106	0.00360181	0.00825536	0.00458412	0.00094566	0.00078115	0.00083360	0.00024185	0.00223008	
  0.17000000	0.01436913	0.02257537	0.07802673	0.15411060	0.30106920	0.37742987	0.01743128	0.00882133	0.00012400	0.00022827	0.00065384	0.00079881	0.00117698	0.00086523	0.00027004	0.00027433	0.00365622	0.00834402	0.00466006	0.00096749	0.00079940	0.00084749	0.00024569	0.00225461	
  0.17200000	0.01449569	0.02285917	0.07948545	0.15492153	0.30082405	0.37452400	0.01745636	0.00889037	0.00012645	0.00023230	0.00066810	0.00081306	0.00119700	0.00087971	0.00027349	0.00027760	0.00371046	0.00843198	0.00473586	0.00098945	0.00081780	0.00086148	0.00024954	0.00227912	
  0.17400000	0.01462261	0.02314258	0.08093940	0.15570220	0.30055299	0.37167954	0.01748144	0.00895907	0.00012891	0.00023636	0.00068250	0.00082741	0.00121710	0.00089429	0.00027694	0.00028087	0.00376452	0.00851925	0.00481154	0.00101154	0.00083636	0.00087556	0.00025339	0.00230361	
  0.17600000	0.01474989	0.02342565	0.08238827	0.15645342	0.30025738	0.36889476	0.01750647	0.00902742	0.00013139	0.00024045	0.00069703	0.00084186	0.00123731	0.00090897	0.00028039	0.00028414	0.00381840	0.00860586	0.00488708	0.00103376	0.00085506	0.00088974	0.00025725	0.00232808	
  0.17800000	0.01487754	0.02370839	0.08383172	0.15717594	0.29993850	0.36616790	0.01753140	0.00909544	0.00013389	0.00024456	0.00071170	0.00085639	0.00125760	0.00092374	0.00028385	0.00028741	0.00387208	0.00869180	0.00496247	0.00105610	0.00087391	0.00090402	0.00026112	0.00235253	
  0.18000000	0.01500555	0.02399082	0.08526944	0.15787056	0.29959756	0.36349729	0.01755621	0.00916315	0.00013640	0.00024870	0.00072650	0.00087102	0.00127799	0.00093862	0.00028731	0.00029069	0.00392557	0.00877709	0.00503771	0.00107857	0.00089290	0.00091840	0.00026499	0.00237696	
  0.18200000	0.01513392	0.02427295	0.08670113	0.15853803	0.29923579	0.36088130	0.01758086	0.00923054	0.00013893	0.00025287	0.00074144	0.00088574	0.00129848	0.00095360	0.00029077	0.00029396	0.00397885	0.00886175	0.00511280	0.00110116	0.00091204	0.00093287	0.00026887	0.00240137	
  0.18400000	0.01526264	0.02455482	0.08812652	0.15917911	0.29885423	0.35831839	0.01760532	0.00929764	0.00014147	0.00025707	0.00075651	0.00090054	0.00131905	0.00096867	0.00029423	0.00029724	0.00403192	0.00894577	0.00518773	0.00112386	0.00093132	0.00094744	0.00027275	0.00242575	
  0.18600000	0.01539173	0.02483642	0.08954532	0.15979449	0.29845402	0.35580698	0.01762957	0.00936445	0.00014404	0.00026130	0.00077172	0.00091544	0.00133972	0.00098385	0.00029770	0.00030051	0.00408478	0.00902917	0.00526249	0.00114667	0.00095075	0.00096211	0.00027664	0.00245012	
  0.18800000	0.01552117	0.02511778	0.09095727	0.16038492	0.29803616	0.35334563	0.01765360	0.00943097	0.00014661	0.00026556	0.00078706	0.00093042	0.00136049	0.00099913	0.00030117	0.00030379	0.00413742	0.00911196	0.00533709	0.00116959	0.00097031	0.00097688	0.00028053	0.00247447	
  0.19000000	0.01565095	0.02539891	0.09236214	0.16095108	0.29760164	0.35093290	0.01767740	0.00949722	0.00014921	0.00026985	0.00080253	0.00094549	0.00138135	0.00101450	0.00030465	0.00030707	0.00418984	0.00919415	0.00541150	0.00119261	0.00099002	0.00099175	0.00028443	0.00249880	
  0.19200000	0.01578109	0.02567982	0.09375968	0.16149364	0.29715136	0.34856743	0.01770096	0.00956321	0.00015182	0.00027417	0.00081814	0.00096065	0.00140230	0.00102998	0.00030812	0.00031036	0.00424203	0.00927574	0.00548575	0.00121574	0.00100986	0.00100672	0.00028833	0.00252310	
  0.19400000	0.01591157	0.02596052	0.09514967	0.16201329	0.29668626	0.34624782	0.01772427	0.00962894	0.00015445	0.00027852	0.00083388	0.00097589	0.00142335	0.00104556	0.00031160	0.00031364	0.00429400	0.00935676	0.00555981	0.00123896	0.00102984	0.00102179	0.00029224	0.00254739	
  0.19600000	0.01604239	0.02624103	0.09653191	0.16251066	0.29620716	0.34397280	0.01774734	0.00969443	0.00015710	0.00028291	0.00084975	0.00099121	0.00144449	0.00106123	0.00031508	0.00031692	0.00434573	0.00943720	0.00563368	0.00126228	0.00104996	0.00103695	0.00029615	0.00257166	
  0.19800000	0.01617355	0.02652135	0.09790616	0.16298640	0.29571488	0.34174111	0.01777016	0.00975967	0.00015976	0.00028732	0.00086576	0.00100661	0.00146572	0.00107701	0.00031856	0.00032021	0.00439722	0.00951707	0.00570737	0.00128569	0.00107021	0.00105222	0.00030006	0.00259591	
  0.20000000	0.01630503	0.02680148	0.09927227	0.16344112	0.29521021	0.33955157	0.01779275	0.00982468	0.00016244	0.00029176	0.00088189	0.00102209	0.00148705	0.00109288	0.00032204	0.00032350	0.00444848	0.00959639	0.00578087	0.00130918	0.00109060	0.00106758	0.00030398	0.00262014	
  0.20200000	0.01643685	0.02708145	0.10063002	0.16387542	0.29469392	0.33740294	0.01781510	0.00988947	0.00016514	0.00029624	0.00089816	0.00103765	0.00150847	0.00110886	0.00032553	0.00032679	0.00449949	0.00967515	0.00585417	0.00133277	0.00111111	0.00108305	0.00030790	0.00264434	
  0.20400000	0.01656899	0.02736124	0.10197926	0.16428991	0.29416665	0.33529416	0.01783722	0.00995404	0.00016786	0.00030074	0.00091455	0.00105330	0.00152998	0.00112494	0.00032902	0.00033008	0.00455026	0.00975338	0.00592728	0.00135644	0.00113176	0.00109862	0.00031182	0.00266853	
  0.20600000	0.01670145	0.02764088	0.10331983	0.16468515	0.29362911	0.33322406	0.01785912	0.01001840	0.00017059	0.00030528	0.00093108	0.00106901	0.00155158	0.00114111	0.00033251	0.00033337	0.00460079	0.00983107	0.00600018	0.00138018	0.00115254	0.00111428	0.00031575	0.00269270	
  0.20800000	0.01683422	0.02792035	0.10465156	0.16506170	0.29308194	0.33119160	0.01788080	0.01008256	0.00017333	0.00030985	0.00094774	0.00108481	0.00157327	0.00115738	0.00033600	0.00033666	0.00465107	0.00990823	0.00607289	0.00140401	0.00117344	0.00113005	0.00031968	0.00271685	
  0.21000000	0.01696731	0.02819967	0.10597430	0.16542013	0.29252577	0.32919574	0.01790228	0.01014651	0.00017610	0.00031445	0.00096452	0.00110068	0.00159506	0.00117376	0.00033950	0.00033996	0.00470110	0.00998488	0.00614539	0.00142791	0.00119447	0.00114591	0.00032362	0.00274098	
  0.21200000	0.01710070	0.02847884	0.10728794	0.16576096	0.29196119	0.32723552	0.01792355	0.01021028	0.00017888	0.00031909	0.00098143	0.00111662	0.00161694	0.00119023	0.00034299	0.00034326	0.00475088	0.01006101	0.00621768	0.00145188	0.00121563	0.00116187	0.00032756	0.00276508	
  0.21400000	0.01723439	0.02875786	0.10859232	0.16608471	0.29138875	0.32530996	0.01794463	0.01027386	0.00018168	0.00032376	0.00099847	0.00113264	0.00163890	0.00120680	0.00034649	0.00034656	0.00480040	0.01013664	0.00628977	0.00147593	0.00123691	0.00117794	0.00033150	0.00278917	
  0.21600000	0.01736838	0.02903672	0.10988733	0.16639191	0.29080898	0.32341811	0.01796551	0.01033727	0.00018450	0.00032846	0.00101563	0.00114873	0.00166096	0.00122347	0.00034999	0.00034986	0.00484968	0.01021177	0.00636164	0.00150004	0.00125831	0.00119410	0.00033544	0.00281324	
  0.21800000	0.01750265	0.02931544	0.11117287	0.16668303	0.29022238	0.32155910	0.01798622	0.01040050	0.00018733	0.00033319	0.00103292	0.00116489	0.00168310	0.00124024	0.00035350	0.00035317	0.00489870	0.01028640	0.00643331	0.00152421	0.00127984	0.00121036	0.00033939	0.00283729	
  0.22000000	0.01763722	0.02959401	0.11244882	0.16695859	0.28962943	0.31973204	0.01800673	0.01046357	0.00019018	0.00033796	0.00105034	0.00118112	0.00170534	0.00125710	0.00035700	0.00035647	0.00494747	0.01036055	0.00650476	0.00154845	0.00130148	0.00122672	0.00034334	0.00286131	
  0.22200000	0.01777206	0.02987243	0.11371508	0.16721903	0.28903064	0.31793606	0.01802708	0.01052648	0.00019305	0.00034276	0.00106788	0.00119742	0.00172766	0.00127406	0.00036051	0.00035978	0.00499598	0.01043423	0.00657600	0.00157275	0.00132325	0.00124317	0.00034730	0.00288532	
  0.22400000	0.01790719	0.03015070	0.11497158	0.16746482	0.28842643	0.31617042	0.01804725	0.01058923	0.00019594	0.00034759	0.00108555	0.00121378	0.00175007	0.00129112	0.00036402	0.00036309	0.00504424	0.01050742	0.00664702	0.00159711	0.00134513	0.00125973	0.00035125	0.00290930	
  0.22600000	0.01804258	0.03042882	0.11621822	0.16769642	0.28781724	0.31443429	0.01806726	0.01065183	0.00019884	0.00035246	0.00110334	0.00123022	0.00177257	0.00130828	0.00036753	0.00036640	0.00509225	0.01058015	0.00671782	0.00162152	0.00136713	0.00127638	0.00035521	0.00293327	
  0.22800000	0.01817824	0.03070679	0.11745492	0.16791426	0.28720343	0.31272691	0.01808709	0.01071429	0.00020176	0.00035736	0.00112125	0.00124672	0.00179515	0.00132553	0.00037104	0.00036972	0.00514000	0.01065242	0.00678841	0.00164599	0.00138924	0.00129313	0.00035918	0.00295721	
  0.23000000	0.01831415	0.03098460	0.11868161	0.16811875	0.28658539	0.31104752	0.01810676	0.01077661	0.00020470	0.00036230	0.00113928	0.00126328	0.00181782	0.00134288	0.00037456	0.00037304	0.00518749	0.01072423	0.00685877	0.00167051	0.00141146	0.00130998	0.00036314	0.00298114	
  0.23200000	0.01845033	0.03126224	0.11989823	0.16831033	0.28596354	0.30939546	0.01812627	0.01083879	0.00020765	0.00036727	0.00115744	0.00127991	0.00184058	0.00136032	0.00037808	0.00037636	0.00523473	0.01079559	0.00692892	0.00169509	0.00143380	0.00132693	0.00036711	0.00300504	
  0.23400000	0.01858675	0.03153973	0.12110472	0.16848940	0.28533816	0.30776998	0.01814562	0.01090085	0.00021063	0.00037227	0.00117571	0.00129661	0.00186342	0.00137786	0.00038160	0.00037968	0.00528172	0.01086650	0.00699885	0.00171971	0.00145625	0.00134397	0.00037109	0.00302892	
  0.23600000	0.01872341	0.03181705	0.12230103	0.16865635	0.28470963	0.30617043	0.01816480	0.01096278	0.00021362	0.00037731	0.00119411	0.00131336	0.00188634	0.00139550	0.00038512	0.00038301	0.00532845	0.01093698	0.00706855	0.00174437	0.00147881	0.00136111	0.00037506	0.00305279	
  0.23800000	0.01886032	0.03209419	0.12348712	0.16881154	0.28407827	0.30459622	0.01818382	0.01102460	0.00021663	0.00038238	0.00121262	0.00133018	0.00190935	0.00141323	0.00038864	0.00038634	0.00537493	0.01100701	0.00713804	0.00176909	0.00150148	0.00137835	0.00037904	0.00307663	
  0.24000000	0.01899746	0.03237116	0.12466294	0.16895539	0.28344434	0.30304661	0.01820269	0.01108630	0.00021966	0.00038749	0.00123126	0.00134706	0.00193244	0.00143105	0.00039217	0.00038967	0.00542115	0.01107662	0.00720730	0.00179384	0.00152425	0.00139568	0.00038302	0.00310045	
  0.24200000	0.01913482	0.03264795	0.12582844	0.16908823	0.28280818	0.30152109	0.01822139	0.01114788	0.00022270	0.00039263	0.00125001	0.00136400	0.00195562	0.00144897	0.00039570	0.00039300	0.00546712	0.01114580	0.00727633	0.00181864	0.00154713	0.00141310	0.00038701	0.00312425	
  0.24400000	0.01927241	0.03292455	0.12698361	0.16921040	0.28217003	0.30001903	0.01823993	0.01120937	0.00022576	0.00039781	0.00126888	0.00138100	0.00197887	0.00146698	0.00039923	0.00039634	0.00551284	0.01121455	0.00734515	0.00184348	0.00157011	0.00143062	0.00039099	0.00314803	
  0.24600000	0.01941021	0.03320096	0.12812842	0.16932228	0.28153017	0.29853988	0.01825831	0.01127075	0.00022884	0.00040303	0.00128786	0.00139806	0.00200221	0.00148508	0.00040276	0.00039968	0.00555831	0.01128289	0.00741374	0.00186836	0.00159320	0.00144824	0.00039498	0.00317178	
  0.24800000	0.01954822	0.03347718	0.12926285	0.16942416	0.28088886	0.29708305	0.01827653	0.01133203	0.00023194	0.00040827	0.00130696	0.00141517	0.00202563	0.00150328	0.00040629	0.00040302	0.00560353	0.01135082	0.00748211	0.00189327	0.00161639	0.00146595	0.00039898	0.00319552	
  0.25000000	0.01968644	0.03375319	0.13038687	0.16951640	0.28024629	0.29564801	0.01829459	0.01139322	0.00023506	0.00041356	0.00132618	0.00143234	0.00204913	0.00152156	0.00040983	0.00040637	0.00564850	0.01141834	0.00755025	0.00191822	0.00163968	0.00148375	0.00040297	0.00321923	
  0.25200000	0.01982486	0.03402899	0.13150048	0.16959929	0.27960274	0.29423428	0.01831248	0.01145432	0.00023820	0.00041888	0.00134551	0.00144957	0.00207270	0.00153994	0.00041336	0.00040972	0.00569323	0.01148545	0.00761817	0.00194320	0.00166307	0.00150165	0.00040697	0.00324293	
  0.25400000	0.01996347	0.03430458	0.13260366	0.16967316	0.27895841	0.29284132	0.01833022	0.01151533	0.00024135	0.00042423	0.00136495	0.00146685	0.00209636	0.00155841	0.00041690	0.00041307	0.00573770	0.01155217	0.00768586	0.00196822	0.00168656	0.00151963	0.00041097	0.00326660	
  0.25600000	0.02010226	0.03457995	0.13369642	0.16973828	0.27831349	0.29146865	0.01834779	0.01157627	0.00024453	0.00042963	0.00138451	0.00148419	0.00212009	0.00157697	0.00042044	0.00041643	0.00578193	0.01161849	0.00775334	0.00199327	0.00171015	0.00153772	0.00041497	0.00329025	
  0.25800000	0.02024124	0.03485509	0.13477875	0.16979495	0.27766821	0.29011577	0.01836520	0.01163712	0.00024772	0.00043505	0.00140418	0.00150158	0.00214390	0.00159562	0.00042399	0.00041979	0.00582592	0.01168441	0.00782058	0.00201835	0.00173383	0.00155589	0.00041898	0.00331388	
  0.26000000	0.02038039	0.03513000	0.13585065	0.16984345	0.27702272	0.28878230	0.01838245	0.01169790	0.00025093	0.00044052	0.00142395	0.00151903	0.00216779	0.00161436	0.00042753	0.00042315	0.00586966	0.01174995	0.00788761	0.00204346	0.00175760	0.00157415	0.00042298	0.00333749	
  0.26200000	0.02051971	0.03540467	0.13691215	0.16988404	0.27637720	0.28746769	0.01839953	0.01175861	0.00025416	0.00044602	0.00144384	0.00153653	0.00219175	0.00163318	0.00043108	0.00042652	0.00591316	0.01181511	0.00795441	0.00206859	0.00178147	0.00159251	0.00042699	0.00336107	
  0.26400000	0.02065919	0.03567908	0.13796322	0.16991699	0.27573186	0.28617159	0.01841646	0.01181925	0.00025741	0.00045155	0.00146384	0.00155408	0.00221578	0.00165210	0.00043463	0.00042989	0.00595642	0.01187988	0.00802099	0.00209375	0.00180544	0.00161095	0.00043100	0.00338464	
  0.26600000	0.02079883	0.03595325	0.13900392	0.16994256	0.27508682	0.28489354	0.01843322	0.01187982	0.00026067	0.00045712	0.00148395	0.00157168	0.00223989	0.00167110	0.00043818	0.00043327	0.00599945	0.01194428	0.00808734	0.00211894	0.00182949	0.00162948	0.00043502	0.00340818	
  0.26800000	0.02093862	0.03622715	0.14003423	0.16996099	0.27444226	0.28363314	0.01844982	0.01194033	0.00026396	0.00046273	0.00150417	0.00158933	0.00226408	0.00169019	0.00044173	0.00043664	0.00604223	0.01200830	0.00815348	0.00214415	0.00185363	0.00164811	0.00043903	0.00343170	
  0.27000000	0.02107856	0.03650079	0.14105418	0.16997252	0.27379832	0.28239000	0.01846626	0.01200079	0.00026726	0.00046838	0.00152449	0.00160703	0.00228833	0.00170936	0.00044528	0.00044003	0.00608477	0.01207196	0.00821939	0.00216938	0.00187786	0.00166682	0.00044305	0.00345520	
  0.27200000	0.02121863	0.03677414	0.14206380	0.16997740	0.27315512	0.28116372	0.01848254	0.01206119	0.00027059	0.00047406	0.00154492	0.00162478	0.00231266	0.00172862	0.00044884	0.00044341	0.00612708	0.01213524	0.00828508	0.00219464	0.00190218	0.00168562	0.00044707	0.00347867	
  0.27400000	0.02135884	0.03704722	0.14306311	0.16997583	0.27251279	0.27995393	0.01849866	0.01212154	0.00027393	0.00047978	0.00156546	0.00164258	0.00233706	0.00174797	0.00045239	0.00044680	0.00616916	0.01219817	0.00835054	0.00221992	0.00192659	0.00170450	0.00045109	0.00350213	
  0.27600000	0.02149917	0.03732000	0.14405213	0.16996805	0.27187148	0.27876028	0.01851462	0.01218184	0.00027729	0.00048553	0.00158610	0.00166043	0.00236153	0.00176740	0.00045595	0.00045020	0.00621101	0.01226074	0.00841579	0.00224522	0.00195108	0.00172348	0.00045511	0.00352556	
  0.27800000	0.02163962	0.03759249	0.14503092	0.16995426	0.27123132	0.27758241	0.01853043	0.01224209	0.00028067	0.00049133	0.00160685	0.00167832	0.00238607	0.00178692	0.00045951	0.00045360	0.00625262	0.01232295	0.00848082	0.00227053	0.00197565	0.00174254	0.00045914	0.00354897	
  0.28000000	0.02178019	0.03786467	0.14599948	0.16993466	0.27059239	0.27642000	0.01854607	0.01230230	0.00028407	0.00049716	0.00162770	0.00169626	0.00241068	0.00180652	0.00046307	0.00045700	0.00629400	0.01238481	0.00854563	0.00229587	0.00200031	0.00176168	0.00046316	0.00357236	
  0.28200000	0.02192086	0.03813654	0.14695786	0.16990946	0.26995480	0.27527267	0.01856156	0.01236246	0.00028749	0.00050302	0.00164865	0.00171424	0.00243535	0.00182620	0.00046663	0.00046041	0.00633516	0.01244631	0.00861022	0.00232122	0.00202505	0.00178091	0.00046719	0.00359572	
  0.28400000	0.02206164	0.03840809	0.14790611	0.16987886	0.26931867	0.27414015	0.01857688	0.01242259	0.00029093	0.00050892	0.00166971	0.00173228	0.00246010	0.00184596	0.00047020	0.00046382	0.00637609	0.01250748	0.00867459	0.00234659	0.00204987	0.00180022	0.00047122	0.00361907	
