  0.00000000	0.00000000	0.00000000	0.00000000	0.00000000	0.00000000	0.00000000	0.00000000	1.00000000	0.00000000	0.00000000	0.00000000	0.00000000	0.00000000	0.00000000	0.00000000	0.00000000	0.00000000	0.00000000	0.00000000	0.00000000	0.00000000	0.00000000	0.00000000	0.00000000	
  0.00200000	0.00006261	0.00000157	0.00000007	0.00000021	0.00000111	0.00000757	0.00001074	0.99990302	0.00000000	0.00000005	0.00000032	0.00000017	0.00000227	0.00000137	0.00000384	0.00000184	0.00000000	0.00000007	0.00000009	0.00000009	0.00000024	0.00000014	0.00000075	0.00000184	
  0.00400000	0.00024973	0.00000662	0.00000028	0.00000084	0.00000447	0.00003022	0.00004268	0.99961299	0.00000001	0.00000020	0.00000127	0.00000070	0.00000906	0.00000546	0.00001525	0.00000735	0.00000001	0.00000028	0.00000036	0.00000037	0.00000096	0.00000057	0.00000298	0.00000735	
  0.00600000	0.00055922	0.00001610	0.00000064	0.00000197	0.00001008	0.00006778	0.00009510	0.99913228	0.00000002	0.00000046	0.00000286	0.00000163	0.00002030	0.00001227	0.00003397	0.00001650	0.00000002	0.00000062	0.00000082	0.00000083	0.00000215	0.00000128	0.00000665	0.00001650	
  0.00800000	0.00098772	0.00003155	0.00000115	0.00000367	0.00001799	0.00011998	0.00016678	0.99846476	0.00000005	0.00000081	0.00000505	0.00000301	0.00003588	0.00002177	0.00005956	0.00002922	0.00000005	0.00000111	0.00000145	0.00000148	0.00000380	0.00000228	0.00001166	0.00002922	
  0.01000000	0.00153072	0.00005505	0.00000183	0.00000607	0.00002826	0.00018646	0.00025617	0.99761564	0.00000010	0.00000126	0.00000784	0.00000491	0.00005563	0.00003395	0.00009147	0.00004545	0.00000009	0.00000172	0.00000225	0.00000233	0.00000589	0.00000356	0.00001792	0.00004545	
  0.01200000	0.00218277	0.00008912	0.00000269	0.00000928	0.00004095	0.00026679	0.00036137	0.99659097	0.00000018	0.00000181	0.00001119	0.00000742	0.00007939	0.00004877	0.00012900	0.00006510	0.00000017	0.00000247	0.00000322	0.00000338	0.00000842	0.00000512	0.00002528	0.00006510	
  0.01400000	0.00293758	0.00013660	0.00000378	0.00001343	0.00005614	0.00036044	0.00048026	0.99539804	0.00000031	0.00000245	0.00001509	0.00001064	0.00010693	0.00006618	0.00017141	0.00008807	0.00000029	0.00000334	0.00000436	0.00000465	0.00001135	0.00000697	0.00003362	0.00008807	
  0.01600000	0.00378824	0.00020061	0.00000512	0.00001866	0.00007391	0.00046682	0.00061057	0.99404460	0.00000049	0.00000317	0.00001951	0.00001464	0.00013803	0.00008615	0.00021787	0.00011425	0.00000046	0.00000434	0.00000567	0.00000613	0.00001468	0.00000910	0.00004276	0.00011425	
  0.01800000	0.00472736	0.00028437	0.00000677	0.00002506	0.00009435	0.00058531	0.00074993	0.99253917	0.00000073	0.00000399	0.00002441	0.00001952	0.00017242	0.00010860	0.00026754	0.00014350	0.00000069	0.00000546	0.00000712	0.00000783	0.00001836	0.00001150	0.00005255	0.00014350	
  0.02000000	0.00574724	0.00039115	0.00000879	0.00003274	0.00011756	0.00071520	0.00089595	0.99089044	0.00000106	0.00000489	0.00002976	0.00002534	0.00020986	0.00013347	0.00031957	0.00017570	0.00000100	0.00000670	0.00000872	0.00000975	0.00002239	0.00001418	0.00006283	0.00017570	
  0.02200000	0.00684002	0.00052416	0.00001125	0.00004174	0.00014362	0.00085579	0.00104632	0.98910761	0.00000148	0.00000588	0.00003554	0.00003217	0.00025008	0.00016067	0.00037314	0.00021071	0.00000140	0.00000805	0.00001047	0.00001188	0.00002674	0.00001713	0.00007343	0.00021071	
  0.02400000	0.00799781	0.00068645	0.00001425	0.00005211	0.00017262	0.00100632	0.00119882	0.98719984	0.00000201	0.00000694	0.00004171	0.00004004	0.00029280	0.00019012	0.00042746	0.00024839	0.00000190	0.00000952	0.00001234	0.00001424	0.00003137	0.00002033	0.00008422	0.00024839	
  0.02600000	0.00921282	0.00088088	0.00001788	0.00006386	0.00020464	0.00116602	0.00135139	0.98517621	0.00000266	0.00000809	0.00004825	0.00004900	0.00033777	0.00022171	0.00048181	0.00028859	0.00000252	0.00001110	0.00001435	0.00001680	0.00003627	0.00002378	0.00009504	0.00028859	
  0.02800000	0.01047748	0.00111000	0.00002226	0.00007696	0.00023974	0.00133412	0.00150215	0.98304576	0.00000344	0.00000932	0.00005514	0.00005904	0.00038473	0.00025534	0.00053553	0.00033116	0.00000325	0.00001279	0.00001647	0.00001956	0.00004141	0.00002746	0.00010577	0.00033116	
  0.03000000	0.01178449	0.00137606	0.00002751	0.00009139	0.00027798	0.00150983	0.00164944	0.98081720	0.00000436	0.00001063	0.00006233	0.00007016	0.00043343	0.00029089	0.00058803	0.00037596	0.00000412	0.00001459	0.00001870	0.00002251	0.00004677	0.00003137	0.00011630	0.00037596	
  0.03200000	0.01312692	0.00168099	0.00003377	0.00010709	0.00031940	0.00169237	0.00179186	0.97849894	0.00000542	0.00001202	0.00006983	0.00008235	0.00048364	0.00032824	0.00063883	0.00042285	0.00000513	0.00001650	0.00002103	0.00002563	0.00005232	0.00003549	0.00012653	0.00042284	
  0.03400000	0.01449824	0.00202631	0.00004118	0.00012401	0.00036404	0.00188100	0.00192820	0.97609907	0.00000664	0.00001349	0.00007759	0.00009557	0.00053514	0.00036727	0.00068750	0.00047166	0.00000629	0.00001852	0.00002346	0.00002891	0.00005805	0.00003980	0.00013638	0.00047166	
  0.03600000	0.01589235	0.00241322	0.00004990	0.00014208	0.00041189	0.00207495	0.00205753	0.97362518	0.00000802	0.00001505	0.00008562	0.00010978	0.00058772	0.00040787	0.00073372	0.00052227	0.00000761	0.00002065	0.00002598	0.00003233	0.00006392	0.00004429	0.00014579	0.00052227	
  0.03800000	0.01730364	0.00284253	0.00006007	0.00016126	0.00046296	0.00227352	0.00217914	0.97108442	0.00000957	0.00001669	0.00009388	0.00012494	0.00064119	0.00044989	0.00077725	0.00057453	0.00000909	0.00002289	0.00002858	0.00003588	0.00006992	0.00004895	0.00015471	0.00057453	
  0.04000000	0.01872694	0.00331472	0.00007187	0.00018149	0.00051723	0.00247600	0.00229253	0.96848333	0.00001130	0.00001842	0.00010237	0.00014100	0.00069537	0.00049323	0.00081790	0.00062831	0.00001073	0.00002524	0.00003126	0.00003954	0.00007604	0.00005377	0.00016310	0.00062831	
  0.04200000	0.02015758	0.00382995	0.00008544	0.00020273	0.00057465	0.00268174	0.00239743	0.96582812	0.00001319	0.00002024	0.00011108	0.00015791	0.00075012	0.00053776	0.00085559	0.00068348	0.00001255	0.00002771	0.00003402	0.00004330	0.00008226	0.00005872	0.00017094	0.00068348	
  0.04400000	0.02159131	0.00438805	0.00010096	0.00022497	0.00063520	0.00289011	0.00249373	0.96312451	0.00001526	0.00002216	0.00012000	0.00017562	0.00080529	0.00058336	0.00089027	0.00073991	0.00001453	0.00003029	0.00003684	0.00004714	0.00008855	0.00006380	0.00017822	0.00073991	
  0.04600000	0.02302435	0.00498861	0.00011857	0.00024818	0.00069880	0.00310051	0.00258151	0.96037769	0.00001751	0.00002417	0.00012911	0.00019407	0.00086076	0.00062993	0.00092196	0.00079749	0.00001669	0.00003299	0.00003973	0.00005106	0.00009490	0.00006899	0.00018495	0.00079748	
  0.04800000	0.02445334	0.00563096	0.00013845	0.00027237	0.00076538	0.00331239	0.00266097	0.95759231	0.00001994	0.00002628	0.00013842	0.00021321	0.00091640	0.00067735	0.00095075	0.00085609	0.00001902	0.00003582	0.00004268	0.00005503	0.00010131	0.00007429	0.00019114	0.00085608	
  0.05000000	0.02587532	0.00631421	0.00016074	0.00029756	0.00083487	0.00352522	0.00273245	0.95477277	0.00002254	0.00002849	0.00014792	0.00023300	0.00097214	0.00072552	0.00097674	0.00091562	0.00002152	0.00003877	0.00004570	0.00005905	0.00010776	0.00007968	0.00019680	0.00091561	
  0.05200000	0.02728768	0.00703729	0.00018560	0.00032377	0.00090718	0.00373853	0.00279637	0.95192295	0.00002531	0.00003081	0.00015761	0.00025340	0.00102788	0.00077435	0.00100007	0.00097596	0.00002419	0.00004184	0.00004877	0.00006311	0.00011424	0.00008515	0.00020197	0.00097595	
  0.05400000	0.02868819	0.00779898	0.00021316	0.00035104	0.00098220	0.00395188	0.00285325	0.94904637	0.00002826	0.00003324	0.00016748	0.00027435	0.00108355	0.00082375	0.00102093	0.00103703	0.00002704	0.00004505	0.00005191	0.00006720	0.00012073	0.00009069	0.00020667	0.00103702	
  0.05600000	0.03007491	0.00859792	0.00024358	0.00037941	0.00105985	0.00416488	0.00290365	0.94614625	0.00003138	0.00003579	0.00017755	0.00029583	0.00113910	0.00087362	0.00103950	0.00109873	0.00003005	0.00004838	0.00005510	0.00007131	0.00012724	0.00009630	0.00021095	0.00109872	
  0.05800000	0.03144621	0.00943265	0.00027697	0.00040893	0.00114001	0.00437715	0.00294816	0.94322550	0.00003467	0.00003845	0.00018779	0.00031779	0.00119447	0.00092390	0.00105599	0.00116098	0.00003323	0.00005185	0.00005834	0.00007544	0.00013375	0.00010197	0.00021483	0.00116096	
  0.06000000	0.03280072	0.01030164	0.00031346	0.00043966	0.00122259	0.00458840	0.00298740	0.94028664	0.00003812	0.00004123	0.00019823	0.00034021	0.00124964	0.00097451	0.00107061	0.00122369	0.00003657	0.00005546	0.00006164	0.00007959	0.00014026	0.00010769	0.00021835	0.00122367	
  0.06200000	0.03413731	0.01120327	0.00035317	0.00047164	0.00130747	0.00479832	0.00302201	0.93733215	0.00004173	0.00004413	0.00020886	0.00036305	0.00130456	0.00102539	0.00108358	0.00128680	0.00004007	0.00005921	0.00006500	0.00008374	0.00014675	0.00011345	0.00022157	0.00128677	
  0.06400000	0.03545506	0.01213591	0.00039621	0.00050492	0.00139455	0.00500669	0.00305260	0.93436402	0.00004550	0.00004716	0.00021969	0.00038628	0.00135921	0.00107647	0.00109512	0.00135023	0.00004373	0.00006310	0.00006841	0.00008790	0.00015324	0.00011926	0.00022451	0.00135019	
  0.06600000	0.03675326	0.01309789	0.00044268	0.00053955	0.00148372	0.00521329	0.00307976	0.93138433	0.00004943	0.00005031	0.00023072	0.00040988	0.00141359	0.00112770	0.00110544	0.00141391	0.00004754	0.00006713	0.00007188	0.00009207	0.00015971	0.00012510	0.00022723	0.00141388	
  0.06800000	0.03803137	0.01408753	0.00049267	0.00057557	0.00157488	0.00541796	0.00310407	0.92839479	0.00005350	0.00005359	0.00024195	0.00043382	0.00146767	0.00117904	0.00111472	0.00147780	0.00005150	0.00007130	0.00007541	0.00009623	0.00016615	0.00013097	0.00022974	0.00147776	
  0.07000000	0.03928898	0.01510315	0.00054627	0.00061302	0.00166793	0.00562055	0.00312605	0.92539704	0.00005772	0.00005701	0.00025339	0.00045807	0.00152146	0.00123044	0.00112316	0.00154183	0.00005560	0.00007562	0.00007899	0.00010039	0.00017258	0.00013686	0.00023210	0.00154178	
  0.07200000	0.04052586	0.01614310	0.00060355	0.00065191	0.00176277	0.00582095	0.00314619	0.92239255	0.00006209	0.00006056	0.00026505	0.00048262	0.00157496	0.00128186	0.00113094	0.00160595	0.00005985	0.00008009	0.00008263	0.00010456	0.00017898	0.00014278	0.00023433	0.00160589	
  0.07400000	0.04174187	0.01720572	0.00066457	0.00069229	0.00185929	0.00601908	0.00316493	0.91938275	0.00006659	0.00006425	0.00027692	0.00050744	0.00162816	0.00133328	0.00113820	0.00167012	0.00006423	0.00008471	0.00008632	0.00010872	0.00018536	0.00014872	0.00023646	0.00167006	
  0.07600000	0.04293698	0.01828943	0.00072941	0.00073415	0.00195741	0.00621489	0.00318268	0.91636878	0.00007123	0.00006807	0.00028902	0.00053252	0.00168107	0.00138466	0.00114509	0.00173429	0.00006876	0.00008947	0.00009008	0.00011288	0.00019171	0.00015467	0.00023852	0.00173422	
  0.07800000	0.04411125	0.01939264	0.00079811	0.00077753	0.00205704	0.00640834	0.00319978	0.91335195	0.00007600	0.00007203	0.00030135	0.00055784	0.00173371	0.00143598	0.00115173	0.00179842	0.00007341	0.00009438	0.00009389	0.00011703	0.00019803	0.00016064	0.00024054	0.00179835	
  0.08000000	0.04526484	0.02051382	0.00087072	0.00082241	0.00215809	0.00659942	0.00321653	0.91033334	0.00008090	0.00007613	0.00031392	0.00058338	0.00178609	0.00148723	0.00115824	0.00186248	0.00007819	0.00009944	0.00009776	0.00012118	0.00020432	0.00016662	0.00024253	0.00186240	
  0.08200000	0.04639794	0.02165149	0.00094728	0.00086880	0.00226049	0.00678813	0.00323317	0.90731400	0.00008593	0.00008038	0.00032672	0.00060912	0.00183821	0.00153838	0.00116469	0.00192644	0.00008310	0.00010465	0.00010169	0.00012533	0.00021059	0.00017261	0.00024451	0.00192635	
  0.08400000	0.04751084	0.02280422	0.00102781	0.00091670	0.00236415	0.00697450	0.00324993	0.90429479	0.00009108	0.00008476	0.00033977	0.00063506	0.00189009	0.00158944	0.00117118	0.00199026	0.00008813	0.00011001	0.00010569	0.00012947	0.00021684	0.00017861	0.00024651	0.00199016	
  0.08600000	0.04860384	0.02397062	0.00111235	0.00096610	0.00246901	0.00715854	0.00326696	0.90127677	0.00009635	0.00008929	0.00035306	0.00066117	0.00194175	0.00164038	0.00117776	0.00205392	0.00009328	0.00011552	0.00010974	0.00013361	0.00022306	0.00018461	0.00024852	0.00205381	
  0.08800000	0.04967730	0.02514938	0.00120092	0.00101699	0.00257499	0.00734031	0.00328439	0.89826071	0.00010173	0.00009396	0.00036661	0.00068745	0.00199320	0.00169120	0.00118447	0.00211739	0.00009854	0.00012117	0.00011386	0.00013775	0.00022925	0.00019062	0.00025057	0.00211726	
  0.09000000	0.05073162	0.02633921	0.00129351	0.00106935	0.00268203	0.00751985	0.00330233	0.89524740	0.00010723	0.00009878	0.00038041	0.00071389	0.00204446	0.00174189	0.00119136	0.00218064	0.00010392	0.00012698	0.00011804	0.00014188	0.00023542	0.00019663	0.00025265	0.00218051	
  0.09200000	0.05176721	0.02753890	0.00139015	0.00112316	0.00279007	0.00769722	0.00332084	0.89223766	0.00011284	0.00010373	0.00039447	0.00074047	0.00209555	0.00179246	0.00119845	0.00224367	0.00010941	0.00013293	0.00012229	0.00014600	0.00024157	0.00020265	0.00025478	0.00224353	
  0.09400000	0.05278450	0.02874730	0.00149084	0.00117842	0.00289906	0.00787247	0.00333995	0.88923216	0.00011856	0.00010884	0.00040879	0.00076719	0.00214647	0.00184290	0.00120575	0.00230645	0.00011500	0.00013903	0.00012660	0.00015013	0.00024769	0.00020866	0.00025696	0.00230630	
  0.09600000	0.05378395	0.02996329	0.00159557	0.00123509	0.00300893	0.00804566	0.00335969	0.88623154	0.00012439	0.00011409	0.00042338	0.00079404	0.00219724	0.00189321	0.00121328	0.00236897	0.00012071	0.00014528	0.00013098	0.00015425	0.00025380	0.00021468	0.00025919	0.00236881	
  0.09800000	0.05476600	0.03118583	0.00170433	0.00129316	0.00311965	0.00821686	0.00338005	0.88323653	0.00013031	0.00011948	0.00043823	0.00082100	0.00224789	0.00194339	0.00122104	0.00243121	0.00012651	0.00015168	0.00013542	0.00015837	0.00025989	0.00022070	0.00026147	0.00243103	
  0.10000000	0.05573113	0.03241392	0.00181712	0.00135260	0.00323115	0.00838613	0.00340102	0.88024765	0.00013634	0.00012502	0.00045335	0.00084809	0.00229841	0.00199344	0.00122902	0.00249315	0.00013242	0.00015822	0.00013993	0.00016248	0.00026596	0.00022671	0.00026380	0.00249296	
  0.10200000	0.05667980	0.03364662	0.00193392	0.00141340	0.00334341	0.00855353	0.00342257	0.87726545	0.00014247	0.00013070	0.00046874	0.00087528	0.00234883	0.00204336	0.00123721	0.00255479	0.00013843	0.00016490	0.00014451	0.00016659	0.00027201	0.00023272	0.00026618	0.00255459	
  0.10400000	0.05761248	0.03488304	0.00205471	0.00147553	0.00345637	0.00871912	0.00344467	0.87429041	0.00014870	0.00013653	0.00048440	0.00090257	0.00239917	0.00209315	0.00124560	0.00261612	0.00014453	0.00017173	0.00014915	0.00017070	0.00027805	0.00023874	0.00026861	0.00261590	
  0.10600000	0.05852963	0.03612234	0.00217947	0.00153898	0.00357001	0.00888297	0.00346727	0.87132311	0.00015502	0.00014250	0.00050033	0.00092996	0.00244942	0.00214282	0.00125417	0.00267712	0.00015073	0.00017870	0.00015387	0.00017481	0.00028407	0.00024474	0.00027108	0.00267690	
  0.10800000	0.05943171	0.03736373	0.00230817	0.00160371	0.00368428	0.00904512	0.00349033	0.86836386	0.00016144	0.00014862	0.00051653	0.00095745	0.00249960	0.00219236	0.00126292	0.00273779	0.00015702	0.00018582	0.00015866	0.00017891	0.00029008	0.00025075	0.00027360	0.00273755	
  0.11000000	0.06031915	0.03860646	0.00244079	0.00166971	0.00379915	0.00920563	0.00351379	0.86541313	0.00016794	0.00015488	0.00053301	0.00098502	0.00254973	0.00224179	0.00127181	0.00279813	0.00016341	0.00019307	0.00016351	0.00018302	0.00029608	0.00025675	0.00027615	0.00279788	
  0.11200000	0.06119241	0.03984984	0.00257730	0.00173696	0.00391458	0.00936456	0.00353761	0.86247128	0.00017454	0.00016129	0.00054976	0.00101268	0.00259981	0.00229109	0.00128084	0.00285812	0.00016988	0.00020047	0.00016844	0.00018712	0.00030207	0.00026275	0.00027875	0.00285785	
  0.11400000	0.06205190	0.04109322	0.00271767	0.00180544	0.00403057	0.00952195	0.00356174	0.85953861	0.00018123	0.00016784	0.00056678	0.00104042	0.00264985	0.00234028	0.00128999	0.00291776	0.00017644	0.00020800	0.00017344	0.00019122	0.00030804	0.00026875	0.00028137	0.00291748	
  0.11600000	0.06289805	0.04233598	0.00286186	0.00187512	0.00414706	0.00967786	0.00358612	0.85661548	0.00018800	0.00017453	0.00058408	0.00106823	0.00269985	0.00238935	0.00129923	0.00297705	0.00018309	0.00021568	0.00017851	0.00019532	0.00031401	0.00027474	0.00028402	0.00297676	
  0.11800000	0.06373126	0.04357754	0.00300984	0.00194600	0.00426404	0.00983234	0.00361071	0.85370213	0.00019486	0.00018137	0.00060165	0.00109613	0.00274983	0.00243831	0.00130856	0.00303598	0.00018982	0.00022349	0.00018365	0.00019942	0.00031997	0.00028072	0.00028670	0.00303567	
  0.12000000	0.06455191	0.04481738	0.00316156	0.00201805	0.00438149	0.00998542	0.00363546	0.85079885	0.00020181	0.00018835	0.00061948	0.00112410	0.00279980	0.00248716	0.00131795	0.00309455	0.00019663	0.00023143	0.00018887	0.00020351	0.00032592	0.00028670	0.00028939	0.00309423	
  0.12200000	0.06536038	0.04605500	0.00331700	0.00209126	0.00449939	0.01013716	0.00366034	0.84790576	0.00020883	0.00019547	0.00063759	0.00115214	0.00284974	0.00253590	0.00132739	0.00315275	0.00020353	0.00023952	0.00019416	0.00020761	0.00033187	0.00029268	0.00029211	0.00315242	
  0.12400000	0.06615704	0.04728993	0.00347612	0.00216560	0.00461770	0.01028759	0.00368530	0.84502310	0.00021594	0.00020273	0.00065597	0.00118025	0.00289968	0.00258453	0.00133686	0.00321060	0.00021051	0.00024773	0.00019952	0.00021171	0.00033781	0.00029865	0.00029484	0.00321025	
  0.12600000	0.06694224	0.04852175	0.00363886	0.00224107	0.00473642	0.01043676	0.00371032	0.84215105	0.00022313	0.00021014	0.00067462	0.00120843	0.00294962	0.00263307	0.00134637	0.00326807	0.00021757	0.00025608	0.00020495	0.00021581	0.00034374	0.00030462	0.00029759	0.00326771	
  0.12800000	0.06771629	0.04975006	0.00380519	0.00231765	0.00485553	0.01058471	0.00373536	0.83928978	0.00023040	0.00021768	0.00069353	0.00123668	0.00299955	0.00268150	0.00135588	0.00332518	0.00022470	0.00026457	0.00021046	0.00021991	0.00034967	0.00031058	0.00030034	0.00332481	
  0.13000000	0.06847954	0.05097448	0.00397508	0.00239532	0.00497501	0.01073147	0.00376038	0.83643937	0.00023774	0.00022537	0.00071271	0.00126500	0.00304948	0.00272983	0.00136539	0.00338192	0.00023191	0.00027318	0.00021604	0.00022401	0.00035560	0.00031654	0.00030310	0.00338153	
  0.13200000	0.06923227	0.05219468	0.00414846	0.00247407	0.00509484	0.01087709	0.00378538	0.83359993	0.00024516	0.00023319	0.00073215	0.00129339	0.00309942	0.00277807	0.00137490	0.00343829	0.00023920	0.00028192	0.00022169	0.00022812	0.00036152	0.00032249	0.00030587	0.00343789	
  0.13400000	0.06997480	0.05341034	0.00432532	0.00255388	0.00521502	0.01102161	0.00381032	0.83077157	0.00025266	0.00024115	0.00075186	0.00132184	0.00314936	0.00282622	0.00138439	0.00349429	0.00024656	0.00029080	0.00022742	0.00023222	0.00036744	0.00032844	0.00030864	0.00349387	
  0.13600000	0.07070740	0.05462116	0.00450558	0.00263475	0.00533553	0.01116505	0.00383519	0.82795429	0.00026023	0.00024926	0.00077182	0.00135035	0.00319931	0.00287428	0.00139386	0.00354992	0.00025399	0.00029980	0.00023322	0.00023634	0.00037336	0.00033439	0.00031142	0.00354949	
  0.13800000	0.07143033	0.05582688	0.00468923	0.00271666	0.00545635	0.01130746	0.00385996	0.82514828	0.00026788	0.00025750	0.00079205	0.00137894	0.00324926	0.00292225	0.00140330	0.00360518	0.00026150	0.00030893	0.00023910	0.00024045	0.00037927	0.00034033	0.00031419	0.00360473	
  0.14000000	0.07214385	0.05702726	0.00487620	0.00279959	0.00557749	0.01144887	0.00388463	0.82235348	0.00027560	0.00026587	0.00081253	0.00140759	0.00329923	0.00297014	0.00141271	0.00366007	0.00026908	0.00031818	0.00024505	0.00024457	0.00038518	0.00034627	0.00031697	0.00365961	
  0.14200000	0.07284820	0.05822206	0.00506646	0.00288354	0.00569892	0.01158932	0.00390919	0.81956989	0.00028339	0.00027439	0.00083328	0.00143631	0.00334920	0.00301795	0.00142207	0.00371459	0.00027672	0.00032757	0.00025107	0.00024870	0.00039109	0.00035221	0.00031974	0.00371412	
  0.14400000	0.07354362	0.05941108	0.00525996	0.00296850	0.00582064	0.01172884	0.00393362	0.81679767	0.00029125	0.00028304	0.00085427	0.00146509	0.00339918	0.00306568	0.00143140	0.00376875	0.00028444	0.00033707	0.00025716	0.00025283	0.00039700	0.00035815	0.00032251	0.00376826	
  0.14600000	0.07423034	0.06059413	0.00545666	0.00305444	0.00594265	0.01186747	0.00395791	0.81403667	0.00029918	0.00029182	0.00087552	0.00149394	0.00344918	0.00311334	0.00144068	0.00382253	0.00029222	0.00034670	0.00026333	0.00025697	0.00040291	0.00036408	0.00032527	0.00382203	
  0.14800000	0.07490855	0.06177104	0.00565651	0.00314137	0.00606493	0.01200523	0.00398206	0.81128699	0.00030718	0.00030074	0.00089702	0.00152286	0.00349918	0.00316093	0.00144991	0.00387595	0.00030007	0.00035646	0.00026957	0.00026112	0.00040882	0.00037001	0.00032803	0.00387544	
  0.15000000	0.07557847	0.06294165	0.00585946	0.00322926	0.00618748	0.01214215	0.00400607	0.80854863	0.00031525	0.00030980	0.00091878	0.00155185	0.00354919	0.00320845	0.00145909	0.00392901	0.00030798	0.00036633	0.00027589	0.00026527	0.00041473	0.00037594	0.00033079	0.00392848	
  0.15200000	0.07624027	0.06410581	0.00606547	0.00331812	0.00631030	0.01227827	0.00402993	0.80582154	0.00032338	0.00031899	0.00094078	0.00158091	0.00359921	0.00325591	0.00146823	0.00398170	0.00031596	0.00037633	0.00028228	0.00026944	0.00042064	0.00038187	0.00033354	0.00398116	
  0.15400000	0.07689416	0.06526339	0.00627451	0.00340792	0.00643337	0.01241362	0.00405363	0.80310565	0.00033158	0.00032831	0.00096303	0.00161004	0.00364924	0.00330330	0.00147731	0.00403403	0.00032400	0.00038644	0.00028874	0.00027361	0.00042655	0.00038780	0.00033629	0.00403347	
  0.15600000	0.07754030	0.06641429	0.00648651	0.00349865	0.00655670	0.01254823	0.00407718	0.80040103	0.00033985	0.00033777	0.00098552	0.00163923	0.00369927	0.00335063	0.00148633	0.00408600	0.00033210	0.00039668	0.00029528	0.00027779	0.00043247	0.00039373	0.00033903	0.00408543	
  0.15800000	0.07817887	0.06755838	0.00670145	0.00359031	0.00668029	0.01268211	0.00410057	0.79770762	0.00034818	0.00034735	0.00100826	0.00166850	0.00374931	0.00339791	0.00149531	0.00413761	0.00034027	0.00040703	0.00030188	0.00028198	0.00043838	0.00039966	0.00034176	0.00413702	
  0.16000000	0.07881001	0.06869558	0.00691927	0.00368289	0.00680412	0.01281531	0.00412381	0.79502535	0.00035658	0.00035707	0.00103124	0.00169784	0.00379936	0.00344513	0.00150423	0.00418887	0.00034850	0.00041751	0.00030857	0.00028619	0.00044430	0.00040559	0.00034449	0.00418826	
  0.16200000	0.07943388	0.06982581	0.00713993	0.00377637	0.00692820	0.01294784	0.00414689	0.79235423	0.00036503	0.00036692	0.00105447	0.00172724	0.00384941	0.00349230	0.00151309	0.00423976	0.00035678	0.00042809	0.00031532	0.00029040	0.00045021	0.00041152	0.00034721	0.00423914	
  0.16400000	0.08005062	0.07094897	0.00736338	0.00387074	0.00705252	0.01307972	0.00416981	0.78969413	0.00037355	0.00037690	0.00107793	0.00175672	0.00389946	0.00353942	0.00152191	0.00429030	0.00036513	0.00043880	0.00032215	0.00029463	0.00045613	0.00041745	0.00034992	0.00428967	
  0.16600000	0.08066039	0.07206501	0.00758959	0.00396599	0.00717709	0.01321099	0.00419259	0.78704518	0.00038213	0.00038700	0.00110163	0.00178627	0.00394952	0.00358649	0.00153067	0.00434049	0.00037353	0.00044962	0.00032905	0.00029886	0.00046206	0.00042338	0.00035263	0.00433984	
  0.16800000	0.08126330	0.07317387	0.00781851	0.00406211	0.00730190	0.01334166	0.00421521	0.78440720	0.00039078	0.00039724	0.00112557	0.00181589	0.00399958	0.00363351	0.00153938	0.00439033	0.00038199	0.00046055	0.00033602	0.00030311	0.00046798	0.00042931	0.00035533	0.00438967	
  0.17000000	0.08185949	0.07427549	0.00805009	0.00415909	0.00742695	0.01347176	0.00423768	0.78178018	0.00039948	0.00040760	0.00114975	0.00184558	0.00404964	0.00368049	0.00154803	0.00443982	0.00039051	0.00047159	0.00034307	0.00030738	0.00047391	0.00043525	0.00035803	0.00443914	
  0.17200000	0.08244908	0.07536983	0.00828430	0.00425692	0.00755224	0.01360129	0.00426001	0.77916408	0.00040824	0.00041809	0.00117416	0.00187534	0.00409970	0.00372743	0.00155664	0.00448896	0.00039908	0.00048275	0.00035019	0.00031165	0.00047985	0.00044118	0.00036072	0.00448827	
  0.17400000	0.08303218	0.07645685	0.00852109	0.00435559	0.00767777	0.01373030	0.00428219	0.77655882	0.00041706	0.00042871	0.00119881	0.00190517	0.00414976	0.00377432	0.00156520	0.00453776	0.00040771	0.00049402	0.00035739	0.00031594	0.00048578	0.00044712	0.00036341	0.00453705	
  0.17600000	0.08360891	0.07753652	0.00876042	0.00445508	0.00780354	0.01385878	0.00430423	0.77396441	0.00042594	0.00043945	0.00122368	0.00193507	0.00419981	0.00382117	0.00157371	0.00458621	0.00041639	0.00050540	0.00036465	0.00032025	0.00049172	0.00045306	0.00036609	0.00458548	
  0.17800000	0.08417937	0.07860881	0.00900224	0.00455539	0.00792955	0.01398677	0.00432613	0.77138078	0.00043488	0.00045032	0.00124879	0.00196503	0.00424987	0.00386798	0.00158217	0.00463432	0.00042512	0.00051689	0.00037199	0.00032457	0.00049767	0.00045900	0.00036876	0.00463358	
  0.18000000	0.08474368	0.07967370	0.00924652	0.00465650	0.00805580	0.01411427	0.00434789	0.76880789	0.00044387	0.00046131	0.00127412	0.00199507	0.00429992	0.00391475	0.00159058	0.00468209	0.00043391	0.00052849	0.00037941	0.00032890	0.00050362	0.00046495	0.00037143	0.00468133	
  0.18200000	0.08530192	0.08073116	0.00949322	0.00475841	0.00818229	0.01424131	0.00436952	0.76624566	0.00045292	0.00047243	0.00129969	0.00202518	0.00434996	0.00396149	0.00159895	0.00472952	0.00044275	0.00054020	0.00038689	0.00033325	0.00050958	0.00047089	0.00037410	0.00472875	
  0.18400000	0.08585420	0.08178119	0.00974229	0.00486110	0.00830902	0.01436789	0.00439101	0.76369405	0.00046202	0.00048367	0.00132548	0.00205536	0.00440001	0.00400818	0.00160727	0.00477662	0.00045164	0.00055201	0.00039445	0.00033761	0.00051554	0.00047684	0.00037676	0.00477583	
  0.18600000	0.08640059	0.08282377	0.00999369	0.00496456	0.00843599	0.01449403	0.00441238	0.76115298	0.00047118	0.00049503	0.00135150	0.00208560	0.00445004	0.00405484	0.00161555	0.00482338	0.00046058	0.00056393	0.00040208	0.00034199	0.00052151	0.00048280	0.00037941	0.00482258	
  0.18800000	0.08694120	0.08385889	0.01024738	0.00506878	0.00856320	0.01461976	0.00443362	0.75862253	0.00048040	0.00050651	0.00137774	0.00211591	0.00450007	0.00410146	0.00162378	0.00486981	0.00046957	0.00057596	0.00040979	0.00034638	0.00052748	0.00048875	0.00038206	0.00486899	
  0.19000000	0.08747612	0.08488657	0.01050332	0.00517375	0.00869065	0.01474507	0.00445474	0.75610250	0.00048967	0.00051811	0.00140420	0.00214628	0.00455009	0.00414804	0.00163198	0.00491591	0.00047861	0.00058809	0.00041757	0.00035079	0.00053346	0.00049471	0.00038471	0.00491508	
  0.19200000	0.08800542	0.08590678	0.01076148	0.00527946	0.00881834	0.01486998	0.00447574	0.75359291	0.00049899	0.00052984	0.00143089	0.00217672	0.00460010	0.00419459	0.00164013	0.00496168	0.00048770	0.00060033	0.00042542	0.00035522	0.00053944	0.00050067	0.00038735	0.00496083	
  0.19400000	0.08852918	0.08691955	0.01102181	0.00538590	0.00894628	0.01499452	0.00449662	0.75109369	0.00050836	0.00054168	0.00145780	0.00220723	0.00465010	0.00424110	0.00164824	0.00500713	0.00049684	0.00061266	0.00043335	0.00035966	0.00054544	0.00050664	0.00038999	0.00500626	
  0.19600000	0.08904748	0.08792488	0.01128427	0.00549306	0.00907446	0.01511868	0.00451738	0.74860483	0.00051779	0.00055364	0.00148492	0.00223779	0.00470009	0.00428757	0.00165631	0.00505225	0.00050602	0.00062510	0.00044134	0.00036411	0.00055143	0.00051261	0.00039262	0.00505137	
  0.19800000	0.08956040	0.08892276	0.01154883	0.00560093	0.00920289	0.01524247	0.00453803	0.74612623	0.00052727	0.00056572	0.00151227	0.00226842	0.00475007	0.00433401	0.00166434	0.00509705	0.00051525	0.00063765	0.00044942	0.00036859	0.00055744	0.00051858	0.00039525	0.00509615	
  0.20000000	0.09006800	0.08991322	0.01181545	0.00570950	0.00933156	0.01536592	0.00455857	0.74365789	0.00053680	0.00057791	0.00153983	0.00229912	0.00480003	0.00438041	0.00167233	0.00514153	0.00052453	0.00065029	0.00045756	0.00037308	0.00056346	0.00052456	0.00039788	0.00514061	
  0.20200000	0.09057036	0.09089627	0.01208408	0.00581875	0.00946047	0.01548904	0.00457899	0.74119973	0.00054639	0.00059022	0.00156761	0.00232987	0.00484999	0.00442677	0.00168028	0.00518569	0.00053385	0.00066303	0.00046578	0.00037758	0.00056948	0.00053054	0.00040050	0.00518476	
  0.20400000	0.09106755	0.09187192	0.01235469	0.00592869	0.00958964	0.01561182	0.00459931	0.73875171	0.00055602	0.00060265	0.00159560	0.00236069	0.00489993	0.00447310	0.00168819	0.00522953	0.00054322	0.00067587	0.00047407	0.00038211	0.00057551	0.00053652	0.00040312	0.00522858	
  0.20600000	0.09155962	0.09284019	0.01262725	0.00603929	0.00971904	0.01573429	0.00461952	0.73631376	0.00056570	0.00061519	0.00162381	0.00239156	0.00494985	0.00451940	0.00169607	0.00527306	0.00055263	0.00068881	0.00048244	0.00038665	0.00058155	0.00054251	0.00040573	0.00527210	
  0.20800000	0.09204665	0.09380110	0.01290171	0.00615055	0.00984870	0.01585645	0.00463962	0.73388588	0.00057543	0.00062785	0.00165223	0.00242249	0.00499977	0.00456565	0.00170391	0.00531628	0.00056209	0.00070185	0.00049087	0.00039120	0.00058759	0.00054850	0.00040834	0.00531530	
  0.21000000	0.09252869	0.09475467	0.01317804	0.00626245	0.00997861	0.01597831	0.00465962	0.73146802	0.00058521	0.00064062	0.00168086	0.00245348	0.00504966	0.00461187	0.00171171	0.00535919	0.00057159	0.00071498	0.00049939	0.00039578	0.00059365	0.00055450	0.00041095	0.00535819	
  0.21200000	0.09300581	0.09570092	0.01345621	0.00637500	0.01010876	0.01609989	0.00467951	0.72906005	0.00059504	0.00065350	0.00170970	0.00248453	0.00509954	0.00465806	0.00171948	0.00540179	0.00058113	0.00072821	0.00050797	0.00040037	0.00059971	0.00056050	0.00041355	0.00540077	
  0.21400000	0.09347807	0.09663987	0.01373617	0.00648818	0.01023916	0.01622119	0.00469930	0.72666204	0.00060492	0.00066649	0.00173874	0.00251563	0.00514941	0.00470420	0.00172721	0.00544408	0.00059071	0.00074153	0.00051663	0.00040498	0.00060579	0.00056650	0.00041615	0.00544305	
  0.21600000	0.09394551	0.09757156	0.01401789	0.00660197	0.01036981	0.01634222	0.00471899	0.72427386	0.00061485	0.00067960	0.00176800	0.00254678	0.00519926	0.00475032	0.00173491	0.00548607	0.00060034	0.00075495	0.00052536	0.00040961	0.00061187	0.00057251	0.00041875	0.00548502	
  0.21800000	0.09440821	0.09849600	0.01430134	0.00671638	0.01050071	0.01646299	0.00473858	0.72189552	0.00062482	0.00069281	0.00179746	0.00257799	0.00524908	0.00479639	0.00174257	0.00552775	0.00061001	0.00076846	0.00053417	0.00041425	0.00061796	0.00057853	0.00042134	0.00552669	
  0.22000000	0.09486620	0.09941322	0.01458648	0.00683139	0.01063186	0.01658350	0.00475807	0.71952695	0.00063484	0.00070614	0.00182712	0.00260926	0.00529890	0.00484243	0.00175020	0.00556914	0.00061972	0.00078207	0.00054304	0.00041891	0.00062406	0.00058455	0.00042393	0.00556805	
  0.22200000	0.09531955	0.10032324	0.01487327	0.00694699	0.01076326	0.01670378	0.00477746	0.71716809	0.00064490	0.00071957	0.00185699	0.00264057	0.00534869	0.00488843	0.00175779	0.00561022	0.00062946	0.00079576	0.00055199	0.00042359	0.00063018	0.00059057	0.00042651	0.00560912	
  0.22400000	0.09576830	0.10122611	0.01516169	0.00706318	0.01089491	0.01682382	0.00479675	0.71481889	0.00065502	0.00073311	0.00188706	0.00267194	0.00539846	0.00493439	0.00176534	0.00565101	0.00063925	0.00080955	0.00056102	0.00042829	0.00063630	0.00059660	0.00042909	0.00564989	
  0.22600000	0.09621250	0.10212184	0.01545170	0.00717994	0.01102682	0.01694363	0.00481595	0.71247935	0.00066518	0.00074676	0.00191734	0.00270336	0.00544821	0.00498032	0.00177287	0.00569151	0.00064908	0.00082343	0.00057012	0.00043301	0.00064244	0.00060264	0.00043167	0.00569037	
  0.22800000	0.09665220	0.10301048	0.01574326	0.00729727	0.01115897	0.01706323	0.00483505	0.71014935	0.00067538	0.00076052	0.00194781	0.00273483	0.00549794	0.00502621	0.00178036	0.00573171	0.00065895	0.00083740	0.00057929	0.00043775	0.00064858	0.00060868	0.00043424	0.00573055	
  0.23000000	0.09708745	0.10389204	0.01603634	0.00741515	0.01129138	0.01718262	0.00485405	0.70782894	0.00068563	0.00077438	0.00197848	0.00276635	0.00554765	0.00507206	0.00178781	0.00577162	0.00066885	0.00085145	0.00058853	0.00044250	0.00065474	0.00061473	0.00043681	0.00577045	
  0.23200000	0.09751830	0.10476657	0.01633091	0.00753359	0.01142403	0.01730180	0.00487296	0.70551801	0.00069592	0.00078835	0.00200934	0.00279791	0.00559734	0.00511787	0.00179523	0.00581124	0.00067880	0.00086560	0.00059785	0.00044727	0.00066090	0.00062078	0.00043938	0.00581005	
  0.23400000	0.09794480	0.10563409	0.01662693	0.00765257	0.01155694	0.01742079	0.00489177	0.70321655	0.00070626	0.00080242	0.00204041	0.00282952	0.00564701	0.00516365	0.00180262	0.00585057	0.00068878	0.00087983	0.00060724	0.00045206	0.00066708	0.00062683	0.00044195	0.00584937	
  0.23600000	0.09836697	0.10649464	0.01692438	0.00777208	0.01169010	0.01753959	0.00491048	0.70092446	0.00071664	0.00081660	0.00207167	0.00286118	0.00569665	0.00520938	0.00180997	0.00588962	0.00069880	0.00089415	0.00061670	0.00045687	0.00067327	0.00063290	0.00044451	0.00588840	
  0.23800000	0.09878487	0.10734826	0.01722321	0.00789212	0.01182351	0.01765821	0.00492911	0.69864178	0.00072706	0.00083088	0.00210312	0.00289289	0.00574627	0.00525508	0.00181729	0.00592839	0.00070885	0.00090855	0.00062623	0.00046170	0.00067948	0.00063897	0.00044706	0.00592714	
  0.24000000	0.09919854	0.10819497	0.01752341	0.00801267	0.01195717	0.01777665	0.00494764	0.69636834	0.00073753	0.00084526	0.00213476	0.00292464	0.00579587	0.00530074	0.00182458	0.00596687	0.00071895	0.00092304	0.00063584	0.00046655	0.00068569	0.00064504	0.00044961	0.00596560	
  0.24200000	0.09960803	0.10903481	0.01782494	0.00813374	0.01209108	0.01789493	0.00496607	0.69410425	0.00074804	0.00085974	0.00216660	0.00295644	0.00584544	0.00534637	0.00183183	0.00600507	0.00072908	0.00093762	0.00064552	0.00047142	0.00069192	0.00065113	0.00045216	0.00600379	
  0.24400000	0.10001337	0.10986781	0.01812777	0.00825530	0.01222525	0.01801305	0.00498442	0.69184935	0.00075859	0.00087432	0.00219862	0.00298827	0.00589499	0.00539195	0.00183905	0.00604299	0.00073924	0.00095227	0.00065528	0.00047631	0.00069816	0.00065721	0.00045471	0.00604169	
  0.24600000	0.10041460	0.11069402	0.01843186	0.00837736	0.01235966	0.01813102	0.00500267	0.68960369	0.00076919	0.00088901	0.00223083	0.00302016	0.00594451	0.00543749	0.00184624	0.00608064	0.00074944	0.00096701	0.00066510	0.00048122	0.00070441	0.00066331	0.00045725	0.00607932	
  0.24800000	0.10081176	0.11151347	0.01873719	0.00849991	0.01249433	0.01824884	0.00502083	0.68736714	0.00077982	0.00090379	0.00226323	0.00305208	0.00599401	0.00548300	0.00185340	0.00611801	0.00075967	0.00098184	0.00067500	0.00048614	0.00071067	0.00066941	0.00045979	0.00611668	
  0.25000000	0.10120489	0.11232619	0.01904373	0.00862294	0.01262924	0.01836651	0.00503890	0.68513972	0.00079050	0.00091867	0.00229582	0.00308405	0.00604348	0.00552847	0.00186052	0.00615511	0.00076994	0.00099674	0.00068497	0.00049109	0.00071695	0.00067552	0.00046232	0.00615376	
  0.25200000	0.10159402	0.11313222	0.01935144	0.00874644	0.01276440	0.01848406	0.00505688	0.68292129	0.00080122	0.00093365	0.00232859	0.00311605	0.00609293	0.00557389	0.00186761	0.00619194	0.00078024	0.00101173	0.00069501	0.00049605	0.00072324	0.00068164	0.00046485	0.00619057	
  0.25400000	0.10197920	0.11393160	0.01966031	0.00887040	0.01289982	0.01860147	0.00507477	0.68071193	0.00081198	0.00094873	0.00236154	0.00314810	0.00614235	0.00561928	0.00187467	0.00622850	0.00079058	0.00102679	0.00070513	0.00050104	0.00072955	0.00068776	0.00046738	0.00622711	
  0.25600000	0.10236045	0.11472436	0.01997029	0.00899482	0.01303548	0.01871876	0.00509257	0.67851156	0.00082278	0.00096390	0.00239468	0.00318019	0.00619174	0.00566463	0.00188170	0.00626480	0.00080095	0.00104194	0.00071532	0.00050605	0.00073587	0.00069389	0.00046990	0.00626338	
  0.25800000	0.10273782	0.11551055	0.02028137	0.00911969	0.01317139	0.01883594	0.00511028	0.67632008	0.00083362	0.00097917	0.00242800	0.00321231	0.00624111	0.00570993	0.00188869	0.00630082	0.00081136	0.00105716	0.00072558	0.00051107	0.00074220	0.00070003	0.00047242	0.00629939	
  0.26000000	0.10311133	0.11629019	0.02059351	0.00924501	0.01330755	0.01895300	0.00512790	0.67413753	0.00084450	0.00099454	0.00246149	0.00324447	0.00629044	0.00575520	0.00189566	0.00633658	0.00082179	0.00107246	0.00073591	0.00051612	0.00074855	0.00070617	0.00047494	0.00633513	
  0.26200000	0.10348104	0.11706333	0.02090668	0.00937076	0.01344395	0.01906996	0.00514544	0.67196381	0.00085542	0.00101000	0.00249517	0.00327667	0.00633975	0.00580043	0.00190259	0.00637208	0.00083226	0.00108784	0.00074632	0.00052119	0.00075491	0.00071232	0.00047745	0.00637061	
  0.26400000	0.10384695	0.11783001	0.02122087	0.00949694	0.01358061	0.01918681	0.00516288	0.66979891	0.00086638	0.00102555	0.00252902	0.00330891	0.00638903	0.00584561	0.00190949	0.00640732	0.00084276	0.00110330	0.00075679	0.00052627	0.00076128	0.00071848	0.00047996	0.00640583	
  0.26600000	0.10420912	0.11859025	0.02153604	0.00962354	0.01371750	0.01930357	0.00518025	0.66764283	0.00087738	0.00104120	0.00256305	0.00334118	0.00643828	0.00589075	0.00191636	0.00644230	0.00085329	0.00111883	0.00076734	0.00053138	0.00076767	0.00072465	0.00048246	0.00644079	
  0.26800000	0.10456756	0.11934411	0.02185215	0.00975055	0.01385465	0.01942024	0.00519752	0.66549540	0.00088841	0.00105694	0.00259725	0.00337349	0.00648750	0.00593586	0.00192320	0.00647703	0.00086386	0.00113444	0.00077796	0.00053651	0.00077408	0.00073083	0.00048496	0.00647549	
  0.27000000	0.10492232	0.12009162	0.02216920	0.00987798	0.01399203	0.01953683	0.00521471	0.66335666	0.00089949	0.00107277	0.00263163	0.00340583	0.00653670	0.00598092	0.00193000	0.00651149	0.00087445	0.00115012	0.00078866	0.00054166	0.00078050	0.00073701	0.00048746	0.00650994	
  0.27200000	0.10527341	0.12083281	0.02248715	0.01000581	0.01412966	0.01965333	0.00523182	0.66122663	0.00091060	0.00108870	0.00266618	0.00343821	0.00658586	0.00602594	0.00193678	0.00654571	0.00088508	0.00116588	0.00079942	0.00054683	0.00078693	0.00074321	0.00048995	0.00654414	
  0.27400000	0.10562089	0.12156772	0.02280598	0.01013403	0.01426753	0.01976976	0.00524884	0.65910512	0.00092175	0.00110471	0.00270090	0.00347062	0.00663499	0.00607092	0.00194353	0.00657967	0.00089573	0.00118171	0.00081025	0.00055202	0.00079338	0.00074941	0.00049244	0.00657808	
  0.27600000	0.10596477	0.12229639	0.02312566	0.01026264	0.01440565	0.01988611	0.00526578	0.65699226	0.00093294	0.00112081	0.00273578	0.00350306	0.00668409	0.00611586	0.00195024	0.00661338	0.00090642	0.00119761	0.00082116	0.00055723	0.00079985	0.00075562	0.00049493	0.00661177	
  0.27800000	0.10630509	0.12301888	0.02344616	0.01039164	0.01454400	0.02000240	0.00528264	0.65488786	0.00094416	0.00113701	0.00277084	0.00353554	0.00673316	0.00616075	0.00195693	0.00664684	0.00091713	0.00121359	0.00083214	0.00056247	0.00080633	0.00076183	0.00049741	0.00664521	
  0.28000000	0.10664187	0.12373519	0.02376747	0.01052101	0.01468260	0.02011862	0.00529941	0.65279198	0.00095542	0.00115329	0.00280607	0.00356804	0.00678219	0.00620560	0.00196358	0.00668006	0.00092788	0.00122964	0.00084319	0.00056772	0.00081282	0.00076806	0.00049989	0.00667840	
  0.28200000	0.10697514	0.12444538	0.02408955	0.01065075	0.01482143	0.02023479	0.00531611	0.65070456	0.00096672	0.00116966	0.00284146	0.00360058	0.00683120	0.00625041	0.00197021	0.00671303	0.00093865	0.00124576	0.00085431	0.00057300	0.00081934	0.00077430	0.00050236	0.00671135	
  0.28400000	0.10730493	0.12514947	0.02441238	0.01078085	0.01496051	0.02035090	0.00533272	0.64862549	0.00097805	0.00118612	0.00287701	0.00363315	0.00688017	0.00629518	0.00197680	0.00674575	0.00094946	0.00126195	0.00086550	0.00057829	0.00082587	0.00078054	0.00050483	0.00674406	
