  0.00000000	0.00000000	0.00000000	0.00000000	0.00000000	0.00000000	0.00000000	0.00000000	1.00000000	0.00000000	0.00000000	0.00000000	0.00000000	0.00000000	0.00000000	0.00000000	0.00000000	0.00000000	0.00000000	0.00000000	0.00000000	0.00000000	0.00000000	0.00000000	0.00000000	
  0.00200000	0.00006260	0.00000157	0.00000007	0.00000021	0.00000111	0.00000757	0.00001075	0.99990302	0.00000000	0.00000005	0.00000032	0.00000017	0.00000227	0.00000137	0.00000384	0.00000184	0.00000000	0.00000007	0.00000009	0.00000009	0.00000024	0.00000014	0.00000075	0.00000184	
  0.00400000	0.00024955	0.00000661	0.00000028	0.00000084	0.00000447	0.00003020	0.00004286	0.99961293	0.00000001	0.00000020	0.00000126	0.00000070	0.00000907	0.00000546	0.00001531	0.00000735	0.00000001	0.00000028	0.00000036	0.00000036	0.00000096	0.00000057	0.00000300	0.00000735	
  0.00600000	0.00055833	0.00001604	0.00000063	0.00000196	0.00001009	0.00006770	0.00009600	0.99913210	0.00000002	0.00000046	0.00000281	0.00000162	0.00002032	0.00001225	0.00003429	0.00001650	0.00000002	0.00000062	0.00000080	0.00000082	0.00000215	0.00000128	0.00000671	0.00001650	
  0.00800000	0.00098489	0.00003136	0.00000111	0.00000365	0.00001801	0.00011975	0.00016956	0.99846435	0.00000005	0.00000081	0.00000489	0.00000298	0.00003592	0.00002173	0.00006055	0.00002922	0.00000005	0.00000110	0.00000140	0.00000146	0.00000380	0.00000227	0.00001186	0.00002922	
  0.01000000	0.00152380	0.00005458	0.00000174	0.00000601	0.00002830	0.00018592	0.00026278	0.99761486	0.00000010	0.00000125	0.00000746	0.00000484	0.00005574	0.00003386	0.00009382	0.00004545	0.00000009	0.00000170	0.00000214	0.00000229	0.00000590	0.00000355	0.00001838	0.00004545	
  0.01200000	0.00216840	0.00008811	0.00000252	0.00000920	0.00004102	0.00026566	0.00037468	0.99658990	0.00000018	0.00000178	0.00001042	0.00000730	0.00007960	0.00004858	0.00013375	0.00006510	0.00000017	0.00000243	0.00000300	0.00000330	0.00000844	0.00000510	0.00002621	0.00006510	
  0.01400000	0.00291104	0.00013468	0.00000346	0.00001338	0.00005625	0.00035838	0.00050415	0.99539697	0.00000030	0.00000239	0.00001370	0.00001043	0.00010731	0.00006585	0.00017991	0.00008807	0.00000029	0.00000327	0.00000397	0.00000451	0.00001139	0.00000694	0.00003528	0.00008807	
  0.01600000	0.00374320	0.00019722	0.00000459	0.00001871	0.00007406	0.00046336	0.00064993	0.99404430	0.00000048	0.00000308	0.00001719	0.00001434	0.00013867	0.00008562	0.00023186	0.00011424	0.00000045	0.00000422	0.00000501	0.00000590	0.00001473	0.00000906	0.00004550	0.00011424	
  0.01800000	0.00465580	0.00027874	0.00000592	0.00002538	0.00009453	0.00057987	0.00081064	0.99254107	0.00000073	0.00000384	0.00002082	0.00001912	0.00017343	0.00010779	0.00028909	0.00014350	0.00000068	0.00000527	0.00000610	0.00000749	0.00001845	0.00001145	0.00005677	0.00014350	
  0.02000000	0.00563933	0.00038225	0.00000752	0.00003358	0.00011773	0.00070708	0.00098485	0.99089694	0.00000105	0.00000466	0.00002448	0.00002487	0.00021135	0.00013232	0.00035108	0.00017570	0.00000099	0.00000641	0.00000723	0.00000928	0.00002252	0.00001411	0.00006901	0.00017570	
  0.02200000	0.00668407	0.00051063	0.00000941	0.00004350	0.00014371	0.00084418	0.00117103	0.98912197	0.00000147	0.00000554	0.00002810	0.00003167	0.00025220	0.00015910	0.00041728	0.00021071	0.00000137	0.00000763	0.00000836	0.00001126	0.00002692	0.00001705	0.00008209	0.00021071	
  0.02400000	0.00778032	0.00066659	0.00001168	0.00005533	0.00017252	0.00099029	0.00136765	0.98722678	0.00000199	0.00000647	0.00003162	0.00003960	0.00029572	0.00018806	0.00048714	0.00024839	0.00000185	0.00000894	0.00000949	0.00001343	0.00003161	0.00002024	0.00009593	0.00024839	
  0.02600000	0.00891849	0.00085252	0.00001439	0.00006923	0.00020419	0.00114454	0.00157317	0.98522180	0.00000262	0.00000745	0.00003498	0.00004873	0.00034166	0.00021911	0.00056008	0.00028859	0.00000244	0.00001032	0.00001059	0.00001579	0.00003657	0.00002370	0.00011040	0.00028859	
  0.02800000	0.01008933	0.00107053	0.00001762	0.00008537	0.00023873	0.00130608	0.00178608	0.98311782	0.00000338	0.00000847	0.00003813	0.00005912	0.00038978	0.00025213	0.00063558	0.00033117	0.00000314	0.00001176	0.00001166	0.00001835	0.00004179	0.00002741	0.00012542	0.00033117	
  0.03000000	0.01128399	0.00132232	0.00002147	0.00010390	0.00027611	0.00147403	0.00200487	0.98092526	0.00000427	0.00000952	0.00004105	0.00007082	0.00043984	0.00028705	0.00071308	0.00037598	0.00000395	0.00001327	0.00001268	0.00002109	0.00004723	0.00003137	0.00014087	0.00037598	
  0.03200000	0.01249416	0.00160922	0.00002604	0.00012494	0.00031632	0.00164756	0.00222813	0.97865444	0.00000529	0.00001061	0.00004375	0.00008384	0.00049161	0.00032374	0.00079209	0.00042288	0.00000489	0.00001483	0.00001366	0.00002402	0.00005287	0.00003556	0.00015666	0.00042288	
  0.03400000	0.01371211	0.00193217	0.00003142	0.00014860	0.00035930	0.00182588	0.00245450	0.97631538	0.00000646	0.00001173	0.00004622	0.00009822	0.00054487	0.00036212	0.00087210	0.00047172	0.00000597	0.00001645	0.00001458	0.00002713	0.00005868	0.00003998	0.00017269	0.00047172	
  0.03600000	0.01493078	0.00229168	0.00003771	0.00017498	0.00040498	0.00200819	0.00268271	0.97391772	0.00000777	0.00001288	0.00004848	0.00011396	0.00059941	0.00040206	0.00095268	0.00052236	0.00000717	0.00001812	0.00001546	0.00003042	0.00006464	0.00004463	0.00018887	0.00052236	
  0.03800000	0.01614381	0.00268791	0.00004502	0.00020415	0.00045326	0.00219376	0.00291159	0.97147048	0.00000923	0.00001407	0.00005057	0.00013105	0.00065503	0.00044347	0.00103339	0.00057467	0.00000850	0.00001984	0.00001630	0.00003388	0.00007074	0.00004948	0.00020513	0.00057467	
  0.04000000	0.01734554	0.00312062	0.00005346	0.00023615	0.00050404	0.00238192	0.00314006	0.96898228	0.00001084	0.00001528	0.00005254	0.00014948	0.00071155	0.00048625	0.00111386	0.00062852	0.00000997	0.00002162	0.00001711	0.00003751	0.00007694	0.00005453	0.00022138	0.00062852	
  0.04200000	0.01853099	0.00358928	0.00006310	0.00027102	0.00055720	0.00257201	0.00336717	0.96646124	0.00001260	0.00001653	0.00005442	0.00016922	0.00076879	0.00053028	0.00119376	0.00068378	0.00001157	0.00002344	0.00001790	0.00004130	0.00008324	0.00005978	0.00023757	0.00068379	
  0.04400000	0.01969592	0.00409305	0.00007405	0.00030877	0.00061262	0.00276344	0.00359207	0.96391475	0.00001451	0.00001781	0.00005630	0.00019025	0.00082660	0.00057547	0.00127277	0.00074034	0.00001330	0.00002531	0.00001867	0.00004526	0.00008960	0.00006520	0.00025362	0.00074034	
  0.04600000	0.02083674	0.00463080	0.00008638	0.00034940	0.00067014	0.00295567	0.00381401	0.96134961	0.00001656	0.00001913	0.00005821	0.00021252	0.00088483	0.00062173	0.00135064	0.00079807	0.00001515	0.00002724	0.00001946	0.00004937	0.00009603	0.00007079	0.00026949	0.00079808	
  0.04800000	0.02195048	0.00520123	0.00010017	0.00039289	0.00072962	0.00314820	0.00403237	0.95877200	0.00001874	0.00002050	0.00006022	0.00023600	0.00094333	0.00066894	0.00142715	0.00085688	0.00001713	0.00002922	0.00002026	0.00005363	0.00010249	0.00007654	0.00028513	0.00085689	
  0.05000000	0.02303481	0.00580281	0.00011547	0.00043919	0.00079091	0.00334058	0.00424661	0.95618761	0.00002107	0.00002191	0.00006240	0.00026063	0.00100199	0.00071704	0.00150212	0.00091665	0.00001923	0.00003127	0.00002109	0.00005804	0.00010898	0.00008243	0.00030051	0.00091666	
  0.05200000	0.02408794	0.00643391	0.00013235	0.00048827	0.00085386	0.00353243	0.00445631	0.95360136	0.00002352	0.00002337	0.00006480	0.00028637	0.00106069	0.00076592	0.00157540	0.00097730	0.00002144	0.00003337	0.00002197	0.00006259	0.00011549	0.00008846	0.00031558	0.00097732	
  0.05400000	0.02510857	0.00709275	0.00015085	0.00054007	0.00091832	0.00372340	0.00466114	0.95101768	0.00002610	0.00002489	0.00006746	0.00031316	0.00111933	0.00081551	0.00164689	0.00103873	0.00002375	0.00003553	0.00002290	0.00006727	0.00012200	0.00009461	0.00033034	0.00103875	
  0.05600000	0.02609591	0.00777749	0.00017101	0.00059450	0.00098414	0.00391317	0.00486086	0.94844037	0.00002880	0.00002646	0.00007044	0.00034095	0.00117783	0.00086574	0.00171649	0.00110087	0.00002618	0.00003776	0.00002390	0.00007209	0.00012850	0.00010087	0.00034476	0.00110089	
  0.05800000	0.02704955	0.00848625	0.00019286	0.00065150	0.00105117	0.00410150	0.00505531	0.94587278	0.00003162	0.00002811	0.00007377	0.00036968	0.00123609	0.00091651	0.00178417	0.00116363	0.00002869	0.00004005	0.00002497	0.00007704	0.00013499	0.00010725	0.00035882	0.00116366	
  0.06000000	0.02796946	0.00921712	0.00021641	0.00071097	0.00111928	0.00428814	0.00524441	0.94331771	0.00003454	0.00002982	0.00007749	0.00039931	0.00129404	0.00096779	0.00184990	0.00122694	0.00003131	0.00004242	0.00002613	0.00008212	0.00014146	0.00011372	0.00037253	0.00122697	
  0.06200000	0.02885593	0.00996818	0.00024169	0.00077284	0.00118833	0.00447294	0.00542813	0.94077748	0.00003757	0.00003161	0.00008162	0.00042978	0.00135163	0.00101948	0.00191368	0.00129073	0.00003401	0.00004487	0.00002738	0.00008732	0.00014789	0.00012027	0.00038587	0.00129077	
  0.06400000	0.02970955	0.01073757	0.00026870	0.00083699	0.00125820	0.00465572	0.00560652	0.93825394	0.00004070	0.00003348	0.00008618	0.00046104	0.00140879	0.00107155	0.00197554	0.00135495	0.00003679	0.00004739	0.00002873	0.00009263	0.00015430	0.00012690	0.00039886	0.00135500	
  0.06600000	0.03053112	0.01152343	0.00029744	0.00090334	0.00132878	0.00483638	0.00577966	0.93574864	0.00004392	0.00003542	0.00009119	0.00049303	0.00146547	0.00112394	0.00203550	0.00141953	0.00003965	0.00004999	0.00003017	0.00009806	0.00016066	0.00013361	0.00041149	0.00141959	
  0.06800000	0.03132166	0.01232397	0.00032793	0.00097178	0.00139995	0.00501483	0.00594768	0.93326271	0.00004723	0.00003746	0.00009663	0.00052572	0.00152165	0.00117660	0.00209363	0.00148443	0.00004258	0.00005267	0.00003171	0.00010360	0.00016698	0.00014038	0.00042378	0.00148450	
  0.07000000	0.03208232	0.01313747	0.00036014	0.00104222	0.00147162	0.00519099	0.00611076	0.93079692	0.00005062	0.00003958	0.00010252	0.00055904	0.00157727	0.00122948	0.00215000	0.00154958	0.00004558	0.00005544	0.00003335	0.00010924	0.00017325	0.00014721	0.00043573	0.00154967	
  0.07200000	0.03281442	0.01396229	0.00039409	0.00111455	0.00154369	0.00536484	0.00626908	0.92835182	0.00005410	0.00004180	0.00010885	0.00059297	0.00163231	0.00128255	0.00220468	0.00161496	0.00004865	0.00005829	0.00003508	0.00011498	0.00017947	0.00015409	0.00044737	0.00161506	
  0.07400000	0.03351934	0.01479685	0.00042977	0.00118869	0.00161609	0.00553636	0.00642286	0.92592770	0.00005765	0.00004411	0.00011562	0.00062745	0.00168675	0.00133577	0.00225775	0.00168052	0.00005178	0.00006123	0.00003691	0.00012083	0.00018565	0.00016101	0.00045870	0.00168063	
  0.07600000	0.03419855	0.01563967	0.00046716	0.00126453	0.00168874	0.00570553	0.00657235	0.92352462	0.00006127	0.00004653	0.00012280	0.00066245	0.00174056	0.00138910	0.00230932	0.00174621	0.00005498	0.00006426	0.00003884	0.00012676	0.00019176	0.00016798	0.00046974	0.00174633	
  0.07800000	0.03485356	0.01648935	0.00050627	0.00134198	0.00176157	0.00587238	0.00671778	0.92114234	0.00006497	0.00004904	0.00013039	0.00069793	0.00179373	0.00144252	0.00235946	0.00181201	0.00005823	0.00006738	0.00004085	0.00013279	0.00019783	0.00017498	0.00048051	0.00181215	
  0.08000000	0.03548589	0.01734461	0.00054709	0.00142095	0.00183453	0.00603693	0.00685941	0.91878068	0.00006874	0.00005165	0.00013837	0.00073385	0.00184624	0.00149600	0.00240828	0.00187788	0.00006154	0.00007060	0.00004296	0.00013890	0.00020384	0.00018201	0.00049102	0.00187803	
  0.08200000	0.03609708	0.01820422	0.00058961	0.00150136	0.00190756	0.00619922	0.00699750	0.91643912	0.00007257	0.00005437	0.00014674	0.00077020	0.00189810	0.00154953	0.00245588	0.00194379	0.00006490	0.00007390	0.00004514	0.00014510	0.00020979	0.00018908	0.00050130	0.00194396	
  0.08400000	0.03668865	0.01906706	0.00063384	0.00158312	0.00198062	0.00635930	0.00713229	0.91411710	0.00007647	0.00005720	0.00015546	0.00080692	0.00194929	0.00160307	0.00250235	0.00200971	0.00006831	0.00007730	0.00004741	0.00015137	0.00021569	0.00019617	0.00051137	0.00200990	
  0.08600000	0.03726210	0.01993210	0.00067977	0.00166616	0.00205367	0.00651722	0.00726404	0.91181403	0.00008044	0.00006013	0.00016454	0.00084401	0.00199980	0.00165661	0.00254779	0.00207563	0.00007178	0.00008080	0.00004976	0.00015773	0.00022153	0.00020328	0.00052123	0.00207583	
  0.08800000	0.03781887	0.02079839	0.00072741	0.00175041	0.00212668	0.00667305	0.00739299	0.90952921	0.00008446	0.00006318	0.00017396	0.00088143	0.00204964	0.00171013	0.00259229	0.00214150	0.00007530	0.00008439	0.00005218	0.00016415	0.00022732	0.00021041	0.00053092	0.00214173	
  0.09000000	0.03836037	0.02166508	0.00077675	0.00183580	0.00219960	0.00682686	0.00751938	0.90726185	0.00008856	0.00006633	0.00018371	0.00091916	0.00209881	0.00176362	0.00263593	0.00220733	0.00007887	0.00008807	0.00005468	0.00017064	0.00023305	0.00021755	0.00054044	0.00220757	
  0.09200000	0.03888795	0.02253137	0.00082779	0.00192226	0.00227242	0.00697870	0.00764342	0.90501118	0.00009271	0.00006959	0.00019378	0.00095718	0.00214732	0.00181707	0.00267880	0.00227307	0.00008249	0.00009185	0.00005725	0.00017720	0.00023873	0.00022472	0.00054981	0.00227334	
  0.09400000	0.03940288	0.02339656	0.00088054	0.00200973	0.00234511	0.00712866	0.00776533	0.90277648	0.00009692	0.00007296	0.00020416	0.00099548	0.00219515	0.00187046	0.00272099	0.00233872	0.00008616	0.00009572	0.00005989	0.00018382	0.00024435	0.00023189	0.00055905	0.00233901	
  0.09600000	0.03990638	0.02426002	0.00093501	0.00209817	0.00241766	0.00727680	0.00788531	0.90055680	0.00010120	0.00007644	0.00021485	0.00103402	0.00224233	0.00192379	0.00276256	0.00240426	0.00008989	0.00009968	0.00006259	0.00019050	0.00024992	0.00023908	0.00056817	0.00240457	
  0.09800000	0.04039958	0.02512118	0.00099120	0.00218752	0.00249004	0.00742320	0.00800353	0.89835149	0.00010554	0.00008003	0.00022584	0.00107281	0.00228885	0.00197704	0.00280358	0.00246967	0.00009366	0.00010374	0.00006537	0.00019723	0.00025544	0.00024628	0.00057718	0.00247001	
  0.10000000	0.04088357	0.02597954	0.00104911	0.00227773	0.00256225	0.00756793	0.00812018	0.89615965	0.00010994	0.00008373	0.00023714	0.00111182	0.00233472	0.00203021	0.00284412	0.00253494	0.00009749	0.00010789	0.00006822	0.00020402	0.00026091	0.00025349	0.00058611	0.00253530	
  0.10200000	0.04135932	0.02683466	0.00110876	0.00236876	0.00263426	0.00771106	0.00823540	0.89398062	0.00011440	0.00008754	0.00024874	0.00115103	0.00237996	0.00208329	0.00288423	0.00260006	0.00010137	0.00011213	0.00007114	0.00021086	0.00026633	0.00026070	0.00059495	0.00260044	
  0.10400000	0.04182775	0.02768615	0.00117015	0.00246057	0.00270607	0.00785266	0.00834934	0.89181358	0.00011893	0.00009147	0.00026065	0.00119045	0.00242456	0.00213628	0.00292398	0.00266501	0.00010531	0.00011647	0.00007412	0.00021774	0.00027170	0.00026793	0.00060373	0.00266541	
  0.10600000	0.04228971	0.02853367	0.00123328	0.00255313	0.00277767	0.00799279	0.00846214	0.88965797	0.00012352	0.00009550	0.00027286	0.00123005	0.00246855	0.00218916	0.00296340	0.00272978	0.00010930	0.00012090	0.00007718	0.00022467	0.00027701	0.00027515	0.00061244	0.00273021	
  0.10800000	0.04274597	0.02937695	0.00129816	0.00264641	0.00284905	0.00813152	0.00857389	0.88751298	0.00012817	0.00009964	0.00028538	0.00126983	0.00251192	0.00224193	0.00300255	0.00279436	0.00011334	0.00012541	0.00008031	0.00023165	0.00028229	0.00028239	0.00062110	0.00279481	
  0.11000000	0.04319723	0.03021573	0.00136481	0.00274036	0.00292021	0.00826891	0.00868471	0.88537812	0.00013289	0.00010389	0.00029821	0.00130977	0.00255470	0.00229458	0.00304145	0.00285874	0.00011744	0.00013002	0.00008352	0.00023866	0.00028751	0.00028963	0.00062972	0.00285922	
  0.11200000	0.04364412	0.03104981	0.00143321	0.00283498	0.00299113	0.00840502	0.00879470	0.88325274	0.00013767	0.00010825	0.00031136	0.00134988	0.00259689	0.00234712	0.00308014	0.00292291	0.00012159	0.00013471	0.00008679	0.00024571	0.00029269	0.00029687	0.00063830	0.00292342	
  0.11400000	0.04408722	0.03187903	0.00150338	0.00293022	0.00306182	0.00853990	0.00890392	0.88113630	0.00014252	0.00011271	0.00032484	0.00139013	0.00263850	0.00239953	0.00311866	0.00298688	0.00012580	0.00013949	0.00009015	0.00025281	0.00029782	0.00030412	0.00064685	0.00298741	
  0.11600000	0.04452702	0.03270326	0.00157532	0.00302608	0.00313227	0.00867361	0.00901245	0.87902838	0.00014743	0.00011729	0.00033863	0.00143052	0.00267954	0.00245181	0.00315703	0.00305061	0.00013007	0.00014436	0.00009358	0.00025993	0.00030292	0.00031137	0.00065538	0.00305117	
  0.11800000	0.04496398	0.03352238	0.00164902	0.00312252	0.00320248	0.00880619	0.00912035	0.87692845	0.00015241	0.00012197	0.00035275	0.00147105	0.00272003	0.00250395	0.00319527	0.00311412	0.00013439	0.00014932	0.00009709	0.00026709	0.00030796	0.00031862	0.00066388	0.00311471	
  0.12000000	0.04539850	0.03433633	0.00172450	0.00321953	0.00327244	0.00893769	0.00922768	0.87483615	0.00015746	0.00012675	0.00036721	0.00151171	0.00275997	0.00255596	0.00323339	0.00317740	0.00013877	0.00015436	0.00010068	0.00027428	0.00031297	0.00032588	0.00067237	0.00317801	
  0.12200000	0.04583092	0.03514504	0.00180176	0.00331710	0.00334216	0.00906815	0.00933447	0.87275112	0.00016257	0.00013164	0.00038200	0.00155249	0.00279938	0.00260782	0.00327143	0.00324043	0.00014321	0.00015949	0.00010435	0.00028151	0.00031794	0.00033313	0.00068084	0.00324107	
  0.12400000	0.04626153	0.03594850	0.00188078	0.00341520	0.00341162	0.00919761	0.00944076	0.87067300	0.00016775	0.00013664	0.00039712	0.00159338	0.00283828	0.00265954	0.00330938	0.00330322	0.00014771	0.00016470	0.00010810	0.00028876	0.00032286	0.00034039	0.00068930	0.00330388	
  0.12600000	0.04669061	0.03674667	0.00196157	0.00351382	0.00348084	0.00932611	0.00954659	0.86860144	0.00017300	0.00014174	0.00041259	0.00163438	0.00287666	0.00271110	0.00334726	0.00336577	0.00015227	0.00017000	0.00011193	0.00029604	0.00032775	0.00034765	0.00069775	0.00336645	
  0.12800000	0.04711835	0.03753957	0.00204413	0.00361295	0.00354980	0.00945367	0.00965198	0.86653632	0.00017831	0.00014695	0.00042840	0.00167549	0.00291455	0.00276251	0.00338507	0.00342805	0.00015688	0.00017537	0.00011585	0.00030335	0.00033260	0.00035491	0.00070620	0.00342876	
  0.13000000	0.04754495	0.03832721	0.00212844	0.00371257	0.00361851	0.00958034	0.00975694	0.86447728	0.00018370	0.00015225	0.00044455	0.00171669	0.00295196	0.00281375	0.00342283	0.00349008	0.00016156	0.00018083	0.00011985	0.00031068	0.00033741	0.00036216	0.00071464	0.00349082	
  0.13200000	0.04797055	0.03910962	0.00221452	0.00381267	0.00368697	0.00970613	0.00986150	0.86242414	0.00018914	0.00015767	0.00046104	0.00175798	0.00298890	0.00286484	0.00346054	0.00355185	0.00016629	0.00018638	0.00012393	0.00031804	0.00034219	0.00036942	0.00072307	0.00355262	
  0.13400000	0.04839527	0.03988685	0.00230234	0.00391324	0.00375518	0.00983108	0.00996567	0.86037672	0.00019466	0.00016318	0.00047788	0.00179936	0.00302537	0.00291575	0.00349820	0.00361336	0.00017108	0.00019200	0.00012810	0.00032543	0.00034693	0.00037668	0.00073150	0.00361415	
  0.13600000	0.04881921	0.04065893	0.00239190	0.00401427	0.00382313	0.00995520	0.01006945	0.85833490	0.00020025	0.00016879	0.00049507	0.00184082	0.00306139	0.00296649	0.00353582	0.00367461	0.00017593	0.00019770	0.00013235	0.00033284	0.00035164	0.00038393	0.00073993	0.00367542	
  0.13800000	0.04924243	0.04142592	0.00248320	0.00411574	0.00389084	0.01007853	0.01017285	0.85629857	0.00020590	0.00017451	0.00051260	0.00188235	0.00309698	0.00301706	0.00357339	0.00373558	0.00018084	0.00020349	0.00013669	0.00034027	0.00035632	0.00039118	0.00074836	0.00373642	
  0.14000000	0.04966499	0.04218790	0.00257622	0.00421765	0.00395830	0.01020107	0.01027587	0.85426754	0.00021162	0.00018032	0.00053047	0.00192396	0.00313214	0.00306745	0.00361091	0.00379629	0.00018581	0.00020935	0.00014111	0.00034773	0.00036096	0.00039843	0.00075678	0.00379715	
  0.14200000	0.05008691	0.04294490	0.00267097	0.00431998	0.00402551	0.01032284	0.01037853	0.85224169	0.00021740	0.00018624	0.00054869	0.00196563	0.00316689	0.00311766	0.00364839	0.00385672	0.00019084	0.00021530	0.00014561	0.00035521	0.00036558	0.00040568	0.00076520	0.00385762	
  0.14400000	0.05050822	0.04369703	0.00276742	0.00442273	0.00409247	0.01044387	0.01048081	0.85022104	0.00022325	0.00019225	0.00056726	0.00200736	0.00320123	0.00316767	0.00368582	0.00391689	0.00019592	0.00022132	0.00015020	0.00036271	0.00037016	0.00041292	0.00077362	0.00391781	
  0.14600000	0.05092892	0.04444433	0.00286556	0.00452588	0.00415919	0.01056417	0.01058272	0.84820551	0.00022917	0.00019837	0.00058616	0.00204914	0.00323518	0.00321750	0.00372321	0.00397678	0.00020106	0.00022742	0.00015488	0.00037023	0.00037471	0.00042016	0.00078203	0.00397772	
  0.14800000	0.05134900	0.04518690	0.00296540	0.00462942	0.00422566	0.01068374	0.01068426	0.84619498	0.00023515	0.00020458	0.00060541	0.00209098	0.00326874	0.00326714	0.00376054	0.00403640	0.00020626	0.00023360	0.00015963	0.00037777	0.00037924	0.00042740	0.00079044	0.00403737	
  0.15000000	0.05176843	0.04592479	0.00306691	0.00473335	0.00429189	0.01080261	0.01078542	0.84418941	0.00024120	0.00021089	0.00062500	0.00213286	0.00330193	0.00331658	0.00379783	0.00409574	0.00021152	0.00023985	0.00016448	0.00038533	0.00038374	0.00043463	0.00079885	0.00409674	
  0.15200000	0.05218721	0.04665810	0.00317009	0.00483765	0.00435788	0.01092079	0.01088621	0.84218884	0.00024731	0.00021730	0.00064493	0.00217478	0.00333476	0.00336582	0.00383506	0.00415481	0.00021683	0.00024618	0.00016940	0.00039291	0.00038821	0.00044186	0.00080726	0.00415583	
  0.15400000	0.05260529	0.04738689	0.00327492	0.00494231	0.00442364	0.01103828	0.01098662	0.84019315	0.00025349	0.00022380	0.00066520	0.00221674	0.00336724	0.00341487	0.00387223	0.00421361	0.00022220	0.00025259	0.00017442	0.00040051	0.00039266	0.00044908	0.00081565	0.00421465	
  0.15600000	0.05302263	0.04811124	0.00338140	0.00504733	0.00448915	0.01115509	0.01108665	0.83820230	0.00025973	0.00023041	0.00068580	0.00225873	0.00339937	0.00346370	0.00390934	0.00427213	0.00022763	0.00025908	0.00017951	0.00040813	0.00039708	0.00045629	0.00082405	0.00427319	
  0.15800000	0.05343921	0.04883122	0.00348951	0.00515270	0.00455444	0.01127123	0.01118629	0.83621639	0.00026603	0.00023711	0.00070675	0.00230075	0.00343117	0.00351233	0.00394639	0.00433037	0.00023311	0.00026564	0.00018469	0.00041577	0.00040148	0.00046350	0.00083244	0.00433146	
  0.16000000	0.05385497	0.04954692	0.00359924	0.00525840	0.00461949	0.01138672	0.01128555	0.83423531	0.00027240	0.00024390	0.00072803	0.00234279	0.00346264	0.00356076	0.00398338	0.00438834	0.00023864	0.00027228	0.00018996	0.00042343	0.00040585	0.00047071	0.00084082	0.00438946	
  0.16200000	0.05426986	0.05025839	0.00371058	0.00536442	0.00468431	0.01150156	0.01138443	0.83225912	0.00027883	0.00025079	0.00074964	0.00238485	0.00349379	0.00360897	0.00402030	0.00444603	0.00024423	0.00027900	0.00019531	0.00043110	0.00041021	0.00047791	0.00084920	0.00444717	
  0.16400000	0.05468385	0.05096572	0.00382351	0.00547076	0.00474891	0.01161575	0.01148291	0.83028775	0.00028532	0.00025778	0.00077158	0.00242693	0.00352463	0.00365697	0.00405715	0.00450345	0.00024987	0.00028578	0.00020074	0.00043879	0.00041454	0.00048510	0.00085757	0.00450462	
  0.16600000	0.05509687	0.05166896	0.00393803	0.00557742	0.00481328	0.01172930	0.01158101	0.82832122	0.00029188	0.00026486	0.00079386	0.00246902	0.00355518	0.00370475	0.00409393	0.00456059	0.00025557	0.00029265	0.00020626	0.00044650	0.00041885	0.00049228	0.00086594	0.00456179	
  0.16800000	0.05550889	0.05236819	0.00405413	0.00568437	0.00487743	0.01184223	0.01167872	0.82635951	0.00029849	0.00027204	0.00081647	0.00251111	0.00358543	0.00375232	0.00413064	0.00461746	0.00026131	0.00029959	0.00021186	0.00045423	0.00042314	0.00049945	0.00087430	0.00461868	
  0.17000000	0.05591986	0.05306346	0.00417179	0.00579161	0.00494135	0.01195453	0.01177604	0.82440263	0.00030516	0.00027931	0.00083941	0.00255322	0.00361539	0.00379967	0.00416727	0.00467406	0.00026711	0.00030660	0.00021755	0.00046197	0.00042741	0.00050662	0.00088265	0.00467530	
  0.17200000	0.05632972	0.05375485	0.00429100	0.00589913	0.00500506	0.01206621	0.01187297	0.82245064	0.00031190	0.00028667	0.00086268	0.00259532	0.00364507	0.00384680	0.00420383	0.00473039	0.00027297	0.00031369	0.00022332	0.00046973	0.00043167	0.00051378	0.00089099	0.00473165	
  0.17400000	0.05673844	0.05444240	0.00441175	0.00600692	0.00506855	0.01217728	0.01196951	0.82050341	0.00031869	0.00029413	0.00088628	0.00263742	0.00367448	0.00389371	0.00424031	0.00478644	0.00027887	0.00032085	0.00022918	0.00047751	0.00043590	0.00052093	0.00089933	0.00478773	
  0.17600000	0.05714598	0.05512618	0.00453403	0.00611498	0.00513182	0.01228775	0.01206566	0.81856102	0.00032554	0.00030168	0.00091020	0.00267952	0.00370363	0.00394039	0.00427670	0.00484222	0.00028482	0.00032808	0.00023512	0.00048530	0.00044012	0.00052808	0.00090766	0.00484353	
  0.17800000	0.05755227	0.05580623	0.00465783	0.00622330	0.00519488	0.01239761	0.01216142	0.81662345	0.00033245	0.00030932	0.00093445	0.00272161	0.00373252	0.00398686	0.00431302	0.00489773	0.00029082	0.00033539	0.00024114	0.00049311	0.00044432	0.00053521	0.00091598	0.00489907	
  0.18000000	0.05795730	0.05648262	0.00478313	0.00633186	0.00525772	0.01250688	0.01225680	0.81469077	0.00033941	0.00031706	0.00095902	0.00276369	0.00376115	0.00403310	0.00434926	0.00495297	0.00029687	0.00034277	0.00024725	0.00050093	0.00044850	0.00054234	0.00092429	0.00495433	
  0.18200000	0.05836102	0.05715539	0.00490993	0.00644067	0.00532036	0.01261555	0.01235180	0.81276286	0.00034644	0.00032488	0.00098391	0.00280575	0.00378954	0.00407912	0.00438541	0.00500794	0.00030297	0.00035022	0.00025345	0.00050877	0.00045267	0.00054946	0.00093260	0.00500933	
  0.18400000	0.05876339	0.05782460	0.00503821	0.00654970	0.00538278	0.01272365	0.01244641	0.81083977	0.00035352	0.00033280	0.00100913	0.00284780	0.00381768	0.00412491	0.00442147	0.00506264	0.00030912	0.00035774	0.00025973	0.00051662	0.00045682	0.00055656	0.00094089	0.00506405	
  0.18600000	0.05916438	0.05849028	0.00516797	0.00665897	0.00544500	0.01283116	0.01254064	0.80892152	0.00036065	0.00034081	0.00103466	0.00288983	0.00384559	0.00417048	0.00445745	0.00511707	0.00031532	0.00036534	0.00026609	0.00052448	0.00046096	0.00056366	0.00094918	0.00511851	
  0.18800000	0.05956396	0.05915247	0.00529919	0.00676845	0.00550701	0.01293809	0.01263450	0.80700809	0.00036784	0.00034891	0.00106052	0.00293184	0.00387326	0.00421582	0.00449335	0.00517124	0.00032156	0.00037300	0.00027254	0.00053237	0.00046509	0.00057075	0.00095746	0.00517270	
  0.19000000	0.05996209	0.05981123	0.00543186	0.00687814	0.00556881	0.01304446	0.01272798	0.80509949	0.00037509	0.00035710	0.00108669	0.00297383	0.00390071	0.00426094	0.00452915	0.00522514	0.00032785	0.00038074	0.00027907	0.00054026	0.00046920	0.00057783	0.00096573	0.00522663	
  0.19200000	0.06035875	0.06046659	0.00556597	0.00698803	0.00563041	0.01315026	0.01282110	0.80319566	0.00038239	0.00036538	0.00111317	0.00301579	0.00392794	0.00430583	0.00456487	0.00527878	0.00033419	0.00038855	0.00028568	0.00054817	0.00047329	0.00058490	0.00097400	0.00528029	
  0.19400000	0.06075392	0.06111860	0.00570152	0.00709813	0.00569181	0.01325549	0.01291384	0.80129665	0.00038974	0.00037375	0.00113997	0.00305772	0.00395495	0.00435049	0.00460051	0.00533215	0.00034057	0.00039643	0.00029238	0.00055609	0.00047738	0.00059196	0.00098225	0.00533368	
  0.19600000	0.06114756	0.06176728	0.00583849	0.00720841	0.00575300	0.01336018	0.01300622	0.79940248	0.00039715	0.00038221	0.00116708	0.00309962	0.00398175	0.00439493	0.00463605	0.00538526	0.00034700	0.00040438	0.00029917	0.00056403	0.00048145	0.00059901	0.00099050	0.00538681	
  0.19800000	0.06153965	0.06241267	0.00597686	0.00731888	0.00581400	0.01346431	0.01309824	0.79751307	0.00040461	0.00039076	0.00119450	0.00314149	0.00400834	0.00443914	0.00467150	0.00543810	0.00035347	0.00041240	0.00030604	0.00057198	0.00048551	0.00060605	0.00099873	0.00543968	
  0.20000000	0.06193019	0.06305480	0.00611664	0.00742952	0.00587479	0.01356790	0.01318990	0.79562849	0.00041212	0.00039939	0.00122223	0.00318333	0.00403472	0.00448313	0.00470687	0.00549069	0.00035999	0.00042048	0.00031299	0.00057994	0.00048956	0.00061308	0.00100696	0.00549229	
  0.20200000	0.06231914	0.06369371	0.00625781	0.00754034	0.00593538	0.01367094	0.01328120	0.79374868	0.00041969	0.00040812	0.00125027	0.00322513	0.00406090	0.00452689	0.00474214	0.00554301	0.00036655	0.00042864	0.00032003	0.00058791	0.00049359	0.00062010	0.00101518	0.00554464	
  0.20400000	0.06270650	0.06432943	0.00640036	0.00765133	0.00599578	0.01377345	0.01337216	0.79187363	0.00042731	0.00041693	0.00127861	0.00326690	0.00408689	0.00457043	0.00477733	0.00559508	0.00037316	0.00043686	0.00032715	0.00059590	0.00049762	0.00062711	0.00102340	0.00559673	
  0.20600000	0.06309224	0.06496198	0.00654427	0.00776247	0.00605598	0.01387543	0.01346277	0.79000336	0.00043498	0.00042582	0.00130725	0.00330863	0.00411268	0.00461374	0.00481242	0.00564688	0.00037981	0.00044515	0.00033435	0.00060390	0.00050163	0.00063411	0.00103160	0.00564856	
  0.20800000	0.06347635	0.06559140	0.00668955	0.00787377	0.00611598	0.01397688	0.01355303	0.78813785	0.00044270	0.00043481	0.00133620	0.00335032	0.00413828	0.00465683	0.00484742	0.00569843	0.00038650	0.00045351	0.00034164	0.00061192	0.00050563	0.00064110	0.00103980	0.00570013	
  0.21000000	0.06385882	0.06621771	0.00683618	0.00798522	0.00617578	0.01407781	0.01364295	0.78627706	0.00045047	0.00044388	0.00136545	0.00339197	0.00416370	0.00469970	0.00488234	0.00574972	0.00039324	0.00046194	0.00034901	0.00061994	0.00050963	0.00064808	0.00104798	0.00575144	
  0.21200000	0.06423964	0.06684092	0.00698415	0.00809681	0.00623539	0.01417822	0.01373254	0.78442103	0.00045829	0.00045303	0.00139499	0.00343357	0.00418893	0.00474234	0.00491716	0.00580076	0.00040001	0.00047043	0.00035646	0.00062798	0.00051361	0.00065505	0.00105616	0.00580250	
  0.21400000	0.06461880	0.06746109	0.00713344	0.00820855	0.00629480	0.01427812	0.01382180	0.78256977	0.00046616	0.00046227	0.00142483	0.00347514	0.00421397	0.00478476	0.00495189	0.00585154	0.00040683	0.00047899	0.00036400	0.00063603	0.00051759	0.00066201	0.00106434	0.00585331	
  0.21600000	0.06499629	0.06807821	0.00728406	0.00832041	0.00635401	0.01437751	0.01391072	0.78072321	0.00047408	0.00047159	0.00145497	0.00351666	0.00423884	0.00482696	0.00498653	0.00590207	0.00041369	0.00048762	0.00037162	0.00064409	0.00052155	0.00066896	0.00107250	0.00590385	
  0.21800000	0.06537210	0.06869233	0.00743600	0.00843241	0.00641304	0.01447640	0.01399932	0.77888131	0.00048204	0.00048100	0.00148540	0.00355814	0.00426354	0.00486894	0.00502108	0.00595234	0.00042059	0.00049631	0.00037933	0.00065216	0.00052551	0.00067589	0.00108066	0.00595415	
  0.22000000	0.06574623	0.06930344	0.00758923	0.00854454	0.00647186	0.01457479	0.01408760	0.77704418	0.00049006	0.00049049	0.00151612	0.00359956	0.00428806	0.00491070	0.00505553	0.00600236	0.00042753	0.00050507	0.00038711	0.00066025	0.00052945	0.00068282	0.00108881	0.00600420	
  0.22200000	0.06611867	0.06991158	0.00774375	0.00865678	0.00653050	0.01467269	0.01417556	0.77521169	0.00049813	0.00050006	0.00154713	0.00364095	0.00431241	0.00495224	0.00508990	0.00605213	0.00043452	0.00051389	0.00039498	0.00066835	0.00053339	0.00068974	0.00109695	0.00605399	
  0.22400000	0.06648942	0.07051678	0.00789956	0.00876914	0.00658894	0.01477009	0.01426320	0.77338392	0.00050624	0.00050972	0.00157843	0.00368228	0.00433660	0.00499356	0.00512417	0.00610165	0.00044154	0.00052278	0.00040293	0.00067645	0.00053732	0.00069665	0.00110508	0.00610353	
  0.22600000	0.06685847	0.07111905	0.00805664	0.00888161	0.00664719	0.01486701	0.01435053	0.77156079	0.00051440	0.00051946	0.00161001	0.00372357	0.00436062	0.00503467	0.00515835	0.00615092	0.00044860	0.00053173	0.00041097	0.00068457	0.00054124	0.00070354	0.00111320	0.00615283	
  0.22800000	0.06722582	0.07171839	0.00821499	0.00899419	0.00670525	0.01496345	0.01443756	0.76974237	0.00052261	0.00052928	0.00164188	0.00376480	0.00438447	0.00507555	0.00519244	0.00619995	0.00045570	0.00054074	0.00041909	0.00069270	0.00054515	0.00071043	0.00112132	0.00620187	
  0.23000000	0.06759147	0.07231485	0.00837458	0.00910687	0.00676312	0.01505942	0.01452427	0.76792854	0.00053086	0.00053918	0.00167403	0.00380599	0.00440817	0.00511623	0.00522644	0.00624872	0.00046284	0.00054982	0.00042728	0.00070085	0.00054906	0.00071730	0.00112943	0.00625067	
  0.23200000	0.06795542	0.07290843	0.00853543	0.00921966	0.00682079	0.01515491	0.01461069	0.76611936	0.00053916	0.00054916	0.00170647	0.00384712	0.00443170	0.00515669	0.00526034	0.00629725	0.00047002	0.00055896	0.00043557	0.00070900	0.00055295	0.00072417	0.00113754	0.00629922	
  0.23400000	0.06831766	0.07349914	0.00869751	0.00933253	0.00687828	0.01524993	0.01469681	0.76431477	0.00054751	0.00055923	0.00173918	0.00388820	0.00445508	0.00519693	0.00529415	0.00634553	0.00047724	0.00056816	0.00044393	0.00071717	0.00055684	0.00073103	0.00114563	0.00634753	
  0.23600000	0.06867820	0.07408702	0.00886081	0.00944551	0.00693557	0.01534449	0.01478263	0.76251483	0.00055590	0.00056937	0.00177217	0.00392923	0.00447831	0.00523697	0.00532787	0.00639357	0.00048450	0.00057742	0.00045238	0.00072534	0.00056072	0.00073787	0.00115372	0.00639559	
  0.23800000	0.06903703	0.07467207	0.00902533	0.00955857	0.00699268	0.01543859	0.01486816	0.76071948	0.00056434	0.00057959	0.00180543	0.00397021	0.00450138	0.00527679	0.00536150	0.00644137	0.00049179	0.00058675	0.00046090	0.00073353	0.00056460	0.00074471	0.00116180	0.00644341	
  0.24000000	0.06939416	0.07525430	0.00919106	0.00967171	0.00704960	0.01553223	0.01495340	0.75892872	0.00057283	0.00058989	0.00183897	0.00401113	0.00452431	0.00531640	0.00539504	0.00648892	0.00049912	0.00059613	0.00046951	0.00074173	0.00056847	0.00075153	0.00116988	0.00649098	
  0.24200000	0.06974959	0.07583374	0.00935799	0.00978494	0.00710633	0.01562542	0.01503835	0.75714248	0.00058136	0.00060027	0.00187278	0.00405200	0.00454708	0.00535581	0.00542848	0.00653623	0.00050649	0.00060558	0.00047820	0.00074994	0.00057233	0.00075835	0.00117794	0.00653831	
  0.24400000	0.07010330	0.07641039	0.00952611	0.00989825	0.00716287	0.01571816	0.01512302	0.75536090	0.00058993	0.00061072	0.00190686	0.00409282	0.00456971	0.00539500	0.00546183	0.00658330	0.00051389	0.00061509	0.00048697	0.00075816	0.00057618	0.00076515	0.00118601	0.00658540	
  0.24600000	0.07045533	0.07698428	0.00969541	0.01001163	0.00721922	0.01581046	0.01520740	0.75358379	0.00059855	0.00062126	0.00194121	0.00413357	0.00459219	0.00543399	0.00549509	0.00663013	0.00052134	0.00062465	0.00049583	0.00076639	0.00058003	0.00077195	0.00119406	0.00663226	
  0.24800000	0.07080565	0.07755542	0.00986588	0.01012508	0.00727539	0.01590232	0.01529151	0.75181121	0.00060721	0.00063187	0.00197583	0.00417428	0.00461453	0.00547278	0.00552825	0.00667672	0.00052881	0.00063428	0.00050476	0.00077463	0.00058386	0.00077873	0.00120211	0.00667887	
  0.25000000	0.07115428	0.07812381	0.01003751	0.01023861	0.00733137	0.01599375	0.01537535	0.75004321	0.00061591	0.00064255	0.00201071	0.00421492	0.00463673	0.00551136	0.00556132	0.00672307	0.00053633	0.00064397	0.00051377	0.00078288	0.00058770	0.00078551	0.00121015	0.00672524	
  0.25200000	0.07150122	0.07868948	0.01021030	0.01035220	0.00738717	0.01608474	0.01545891	0.74827969	0.00062466	0.00065332	0.00204585	0.00425551	0.00465879	0.00554973	0.00559430	0.00676918	0.00054388	0.00065371	0.00052287	0.00079115	0.00059153	0.00079227	0.00121818	0.00677138	
  0.25400000	0.07184646	0.07925244	0.01038423	0.01046585	0.00744278	0.01617530	0.01554220	0.74652064	0.00063345	0.00066415	0.00208126	0.00429605	0.00468072	0.00558790	0.00562719	0.00681506	0.00055146	0.00066351	0.00053205	0.00079942	0.00059535	0.00079903	0.00122621	0.00681728	
  0.25600000	0.07219002	0.07981269	0.01055929	0.01057956	0.00749821	0.01626544	0.01562522	0.74476612	0.00064228	0.00067507	0.00211693	0.00433652	0.00470250	0.00562587	0.00565998	0.00686071	0.00055908	0.00067337	0.00054130	0.00080771	0.00059916	0.00080577	0.00123423	0.00686295	
  0.25800000	0.07253189	0.08037026	0.01073548	0.01069333	0.00755345	0.01635515	0.01570798	0.74301606	0.00065116	0.00068605	0.00215286	0.00437694	0.00472415	0.00566365	0.00569268	0.00690611	0.00056674	0.00068329	0.00055064	0.00081600	0.00060297	0.00081251	0.00124224	0.00690838	
  0.26000000	0.07287209	0.08092516	0.01091279	0.01080715	0.00760851	0.01644445	0.01579047	0.74127048	0.00066008	0.00069711	0.00218904	0.00441730	0.00474567	0.00570122	0.00572529	0.00695129	0.00057443	0.00069327	0.00056006	0.00082431	0.00060677	0.00081924	0.00125025	0.00695357	
  0.26200000	0.07321061	0.08147740	0.01109121	0.01092102	0.00766339	0.01653334	0.01587271	0.73952937	0.00066904	0.00070825	0.00222548	0.00445760	0.00476705	0.00573859	0.00575780	0.00699623	0.00058215	0.00070330	0.00056955	0.00083263	0.00061057	0.00082595	0.00125825	0.00699854	
  0.26400000	0.07354745	0.08202697	0.01127073	0.01103495	0.00771808	0.01662181	0.01595469	0.73779267	0.00067804	0.00071946	0.00226217	0.00449784	0.00478831	0.00577577	0.00579022	0.00704094	0.00058991	0.00071339	0.00057913	0.00084095	0.00061436	0.00083266	0.00126624	0.00704327	
  0.26600000	0.07388263	0.08257392	0.01145134	0.01114892	0.00777260	0.01670988	0.01603641	0.73606038	0.00068708	0.00073074	0.00229911	0.00453802	0.00480943	0.00581275	0.00582255	0.00708542	0.00059770	0.00072353	0.00058879	0.00084929	0.00061815	0.00083936	0.00127423	0.00708777	
  0.26800000	0.07421614	0.08311824	0.01163303	0.01126293	0.00782693	0.01679754	0.01611788	0.73433256	0.00069616	0.00074209	0.00233631	0.00457814	0.00483043	0.00584954	0.00585479	0.00712967	0.00060552	0.00073373	0.00059853	0.00085764	0.00062193	0.00084605	0.00128221	0.00713204	
  0.27000000	0.07454800	0.08365994	0.01181580	0.01137699	0.00788109	0.01688480	0.01619910	0.73260909	0.00070529	0.00075351	0.00237375	0.00461820	0.00485130	0.00588614	0.00588693	0.00717369	0.00061338	0.00074398	0.00060834	0.00086600	0.00062570	0.00085273	0.00129018	0.00717608	
  0.27200000	0.07487819	0.08419904	0.01199963	0.01149108	0.00793506	0.01697166	0.01628007	0.73089004	0.00071445	0.00076501	0.00241144	0.00465820	0.00487205	0.00592254	0.00591898	0.00721748	0.00062127	0.00075429	0.00061824	0.00087437	0.00062947	0.00085940	0.00129815	0.00721989	
  0.27400000	0.07520674	0.08473554	0.01218451	0.01160521	0.00798886	0.01705813	0.01636080	0.72917533	0.00072366	0.00077658	0.00244938	0.00469815	0.00489267	0.00595876	0.00595093	0.00726104	0.00062919	0.00076466	0.00062821	0.00088275	0.00063323	0.00086606	0.00130612	0.00726348	
  0.27600000	0.07553364	0.08526947	0.01237045	0.01171938	0.00804248	0.01714421	0.01644128	0.72746503	0.00073290	0.00078821	0.00248756	0.00473803	0.00491317	0.00599478	0.00598279	0.00730438	0.00063715	0.00077507	0.00063827	0.00089114	0.00063699	0.00087271	0.00131407	0.00730684	
  0.27800000	0.07585890	0.08580083	0.01255742	0.01183358	0.00809592	0.01722990	0.01652152	0.72575909	0.00074218	0.00079992	0.00252598	0.00477785	0.00493355	0.00603061	0.00601456	0.00734749	0.00064514	0.00078554	0.00064840	0.00089954	0.00064075	0.00087935	0.00132202	0.00734997	
  0.28000000	0.07618252	0.08632962	0.01274543	0.01194780	0.00814918	0.01731521	0.01660152	0.72405750	0.00075151	0.00081170	0.00256464	0.00481760	0.00495381	0.00606626	0.00604624	0.00739038	0.00065316	0.00079607	0.00065861	0.00090795	0.00064450	0.00088599	0.00132997	0.00739288	
  0.28200000	0.07650451	0.08685586	0.01293445	0.01206206	0.00820228	0.01740013	0.01668129	0.72236019	0.00076087	0.00082354	0.00260354	0.00485730	0.00497395	0.00610172	0.00607782	0.00743304	0.00066121	0.00080664	0.00066890	0.00091637	0.00064824	0.00089261	0.00133790	0.00743556	
  0.28400000	0.07682487	0.08737957	0.01312449	0.01217634	0.00825519	0.01748468	0.01676081	0.72066724	0.00077027	0.00083546	0.00264268	0.00489694	0.00499398	0.00613700	0.00610931	0.00747548	0.00066929	0.00081727	0.00067927	0.00092480	0.00065198	0.00089923	0.00134584	0.00747802	
