  0.00000000	1.00000000	0.00000000	0.00000000	0.00000000	0.00000000	0.00000000	0.00000000	0.00000000	0.00000000	0.00000000	0.00000000	0.00000000	0.00000000	0.00000000	0.00000000	0.00000000	0.00000000	0.00000000	0.00000000	0.00000000	0.00000000	0.00000000	0.00000000	0.00000000	
  0.00200000	0.99899495	0.00091509	0.00000177	0.00000228	0.00000288	0.00001477	0.00000341	0.00006256	0.00000014	0.00000001	0.00000005	0.00000007	0.00000075	0.00000032	0.00000012	0.00000000	0.00000014	0.00000032	0.00000028	0.00000001	0.00000007	0.00000000	0.00000001	0.00000000	
  0.00400000	0.99599653	0.00364465	0.00000749	0.00000911	0.00001149	0.00005891	0.00001362	0.00024892	0.00000057	0.00000005	0.00000021	0.00000028	0.00000305	0.00000130	0.00000046	0.00000001	0.00000057	0.00000127	0.00000111	0.00000005	0.00000028	0.00000001	0.00000005	0.00000001	
  0.00600000	0.99105376	0.00814285	0.00001831	0.00002056	0.00002582	0.00013190	0.00003055	0.00055522	0.00000127	0.00000012	0.00000049	0.00000065	0.00000696	0.00000300	0.00000105	0.00000002	0.00000127	0.00000285	0.00000247	0.00000012	0.00000062	0.00000002	0.00000012	0.00000002	
  0.00800000	0.98424494	0.01433630	0.00003608	0.00003667	0.00004579	0.00023292	0.00005410	0.00097532	0.00000226	0.00000022	0.00000090	0.00000119	0.00001262	0.00000551	0.00000189	0.00000005	0.00000226	0.00000504	0.00000434	0.00000022	0.00000110	0.00000004	0.00000021	0.00000005	
  0.01000000	0.97567433	0.02212728	0.00006326	0.00005757	0.00007133	0.00036089	0.00008412	0.00150112	0.00000352	0.00000036	0.00000148	0.00000193	0.00002020	0.00000893	0.00000299	0.00000009	0.00000352	0.00000780	0.00000668	0.00000036	0.00000171	0.00000007	0.00000034	0.00000010	
  0.01200000	0.96546829	0.03139743	0.00010272	0.00008340	0.00010236	0.00051448	0.00012044	0.00212290	0.00000505	0.00000054	0.00000225	0.00000290	0.00002990	0.00001342	0.00000437	0.00000017	0.00000505	0.00001112	0.00000945	0.00000055	0.00000244	0.00000012	0.00000049	0.00000018	
  0.01400000	0.95377052	0.04201193	0.00015767	0.00011431	0.00013876	0.00069218	0.00016286	0.00282975	0.00000685	0.00000077	0.00000325	0.00000414	0.00004190	0.00001912	0.00000606	0.00000028	0.00000685	0.00001495	0.00001260	0.00000078	0.00000329	0.00000020	0.00000069	0.00000030	
  0.01600000	0.94073808	0.05382370	0.00023142	0.00015054	0.00018041	0.00089229	0.00021114	0.00360990	0.00000890	0.00000106	0.00000450	0.00000570	0.00005639	0.00002622	0.00000806	0.00000044	0.00000890	0.00001927	0.00001608	0.00000107	0.00000425	0.00000031	0.00000092	0.00000046	
  0.01800000	0.92653632	0.06667776	0.00032726	0.00019230	0.00022717	0.00111304	0.00026505	0.00445116	0.00001120	0.00000142	0.00000606	0.00000763	0.00007354	0.00003487	0.00001042	0.00000065	0.00001120	0.00002403	0.00001984	0.00000143	0.00000531	0.00000045	0.00000119	0.00000069	
  0.02000000	0.91133493	0.08041533	0.00044829	0.00023986	0.00027888	0.00135256	0.00032433	0.00534124	0.00001374	0.00000186	0.00000793	0.00000999	0.00009348	0.00004525	0.00001314	0.00000093	0.00001374	0.00002920	0.00002381	0.00000186	0.00000647	0.00000064	0.00000151	0.00000099	
  0.02200000	0.89530373	0.09487767	0.00059734	0.00029349	0.00033538	0.00160892	0.00038873	0.00626810	0.00001651	0.00000239	0.00001017	0.00001284	0.00011628	0.00005750	0.00001626	0.00000128	0.00001651	0.00003474	0.00002795	0.00000235	0.00000772	0.00000087	0.00000187	0.00000137	
  0.02400000	0.87860912	0.10990942	0.00077680	0.00035346	0.00039647	0.00188021	0.00045798	0.00722020	0.00001950	0.00000301	0.00001279	0.00001624	0.00014198	0.00007177	0.00001979	0.00000171	0.00001950	0.00004060	0.00003221	0.00000293	0.00000905	0.00000117	0.00000229	0.00000184	
  0.02600000	0.86141092	0.12536152	0.00098858	0.00042006	0.00046195	0.00216454	0.00053180	0.00818674	0.00002270	0.00000373	0.00001581	0.00002026	0.00017054	0.00008818	0.00002375	0.00000223	0.00002270	0.00004675	0.00003654	0.00000358	0.00001044	0.00000152	0.00000276	0.00000239	
  0.02800000	0.84386027	0.14109352	0.00123406	0.00049352	0.00053162	0.00246005	0.00060993	0.00915781	0.00002609	0.00000457	0.00001926	0.00002494	0.00020189	0.00010683	0.00002816	0.00000283	0.00002609	0.00005316	0.00004089	0.00000432	0.00001190	0.00000194	0.00000329	0.00000305	
  0.03000000	0.82609737	0.15697534	0.00151409	0.00057406	0.00060523	0.00276496	0.00069212	0.01012455	0.00002966	0.00000553	0.00002315	0.00003035	0.00023590	0.00012778	0.00003305	0.00000353	0.00002966	0.00005980	0.00004523	0.00000513	0.00001340	0.00000243	0.00000387	0.00000380	
  0.03200000	0.80825031	0.17288853	0.00182895	0.00066187	0.00068256	0.00307759	0.00077811	0.01107915	0.00003340	0.00000662	0.00002748	0.00003654	0.00027237	0.00015109	0.00003841	0.00000432	0.00003341	0.00006662	0.00004953	0.00000603	0.00001495	0.00000298	0.00000451	0.00000465	
  0.03400000	0.79043424	0.18872701	0.00217842	0.00075708	0.00076334	0.00339634	0.00086765	0.01201497	0.00003730	0.00000785	0.00003226	0.00004353	0.00031111	0.00017677	0.00004427	0.00000519	0.00003731	0.00007361	0.00005377	0.00000700	0.00001652	0.00000361	0.00000521	0.00000560	
  0.03600000	0.77275109	0.20439731	0.00256179	0.00085977	0.00084733	0.00371974	0.00096052	0.01292643	0.00004134	0.00000923	0.00003749	0.00005136	0.00035186	0.00020482	0.00005063	0.00000616	0.00004135	0.00008074	0.00005791	0.00000805	0.00001812	0.00000432	0.00000597	0.00000666	
  0.03800000	0.75528944	0.21981859	0.00297795	0.00096997	0.00093426	0.00404642	0.00105649	0.01380906	0.00004550	0.00001075	0.00004316	0.00006006	0.00039435	0.00023522	0.00005751	0.00000722	0.00004551	0.00008798	0.00006195	0.00000917	0.00001974	0.00000510	0.00000679	0.00000781	
  0.04000000	0.73812509	0.23492219	0.00342543	0.00108765	0.00102387	0.00437514	0.00115535	0.01465936	0.00004978	0.00001242	0.00004927	0.00006963	0.00043831	0.00026790	0.00006489	0.00000836	0.00004979	0.00009532	0.00006588	0.00001036	0.00002136	0.00000595	0.00000767	0.00000905	
  0.04200000	0.72132146	0.24965103	0.00390247	0.00121272	0.00111588	0.00470477	0.00125691	0.01547480	0.00005416	0.00001425	0.00005581	0.00008007	0.00048346	0.00030280	0.00007279	0.00000959	0.00005418	0.00010275	0.00006969	0.00001161	0.00002298	0.00000687	0.00000862	0.00001038	
  0.04400000	0.70493060	0.26395884	0.00440710	0.00134503	0.00121004	0.00503431	0.00136096	0.01625364	0.00005862	0.00001623	0.00006276	0.00009138	0.00052951	0.00033983	0.00008120	0.00001089	0.00005865	0.00011024	0.00007337	0.00001292	0.00002459	0.00000787	0.00000962	0.00001180	
  0.04600000	0.68899393	0.27780920	0.00493721	0.00148441	0.00130608	0.00536288	0.00146734	0.01699493	0.00006317	0.00001838	0.00007010	0.00010354	0.00057620	0.00037890	0.00009013	0.00001227	0.00006320	0.00011778	0.00007694	0.00001429	0.00002619	0.00000894	0.00001068	0.00001330	
  0.04800000	0.67354345	0.29117468	0.00549057	0.00163061	0.00140375	0.00568968	0.00157589	0.01769833	0.00006777	0.00002068	0.00007784	0.00011653	0.00062328	0.00041988	0.00009956	0.00001372	0.00006781	0.00012536	0.00008039	0.00001570	0.00002777	0.00001007	0.00001181	0.00001488	
  0.05000000	0.65860236	0.30403569	0.00606496	0.00178338	0.00150282	0.00601405	0.00168644	0.01836406	0.00007243	0.00002314	0.00008594	0.00013032	0.00067051	0.00046267	0.00010951	0.00001523	0.00007247	0.00013298	0.00008373	0.00001717	0.00002933	0.00001127	0.00001299	0.00001654	
  0.05200000	0.64418656	0.31637967	0.00665815	0.00194242	0.00160304	0.00633539	0.00179885	0.01899280	0.00007714	0.00002576	0.00009440	0.00014488	0.00071770	0.00050712	0.00011995	0.00001681	0.00007719	0.00014062	0.00008697	0.00001868	0.00003087	0.00001253	0.00001422	0.00001826	
  0.05400000	0.63030535	0.32819998	0.00726798	0.00210741	0.00170422	0.00665323	0.00191299	0.01958561	0.00008188	0.00002854	0.00010320	0.00016017	0.00076464	0.00055312	0.00013088	0.00001844	0.00008193	0.00014828	0.00009013	0.00002024	0.00003238	0.00001384	0.00001552	0.00002004	
  0.05600000	0.61696243	0.33949509	0.00789240	0.00227801	0.00180614	0.00696713	0.00202874	0.02014381	0.00008664	0.00003147	0.00011232	0.00017615	0.00081120	0.00060053	0.00014229	0.00002013	0.00008670	0.00015596	0.00009320	0.00002183	0.00003385	0.00001521	0.00001686	0.00002189	
  0.05800000	0.60415667	0.35026783	0.00852945	0.00245389	0.00190864	0.00727678	0.00214597	0.02066898	0.00009143	0.00003455	0.00012175	0.00019279	0.00085722	0.00064922	0.00015419	0.00002187	0.00009150	0.00016364	0.00009621	0.00002345	0.00003530	0.00001663	0.00001826	0.00002379	
  0.06000000	0.59188306	0.36052445	0.00917733	0.00263469	0.00201155	0.00758189	0.00226459	0.02116284	0.00009623	0.00003778	0.00013148	0.00021003	0.00090262	0.00069907	0.00016655	0.00002366	0.00009630	0.00017133	0.00009916	0.00002511	0.00003671	0.00001810	0.00001972	0.00002575	
  0.06200000	0.58013338	0.37027416	0.00983439	0.00282009	0.00211472	0.00788226	0.00238447	0.02162722	0.00010103	0.00004116	0.00014149	0.00022785	0.00094730	0.00074994	0.00017937	0.00002550	0.00010111	0.00017903	0.00010207	0.00002680	0.00003809	0.00001962	0.00002122	0.00002776	
  0.06400000	0.56889665	0.37952837	0.01049914	0.00300975	0.00221804	0.00817773	0.00250554	0.02206400	0.00010584	0.00004468	0.00015178	0.00024620	0.00099120	0.00080171	0.00019264	0.00002738	0.00010592	0.00018673	0.00010495	0.00002852	0.00003944	0.00002118	0.00002278	0.00002981	
  0.06600000	0.55816013	0.38830027	0.01117027	0.00320333	0.00232140	0.00846818	0.00262771	0.02247510	0.00011065	0.00004833	0.00016232	0.00026504	0.00103428	0.00085428	0.00020636	0.00002930	0.00011073	0.00019442	0.00010782	0.00003026	0.00004076	0.00002277	0.00002439	0.00003192	
  0.06800000	0.54790914	0.39660439	0.01184659	0.00340054	0.00242470	0.00875355	0.00275089	0.02286242	0.00011545	0.00005212	0.00017312	0.00028434	0.00107653	0.00090752	0.00022050	0.00003126	0.00011554	0.00020212	0.00011067	0.00003203	0.00004205	0.00002441	0.00002604	0.00003406	
  0.07000000	0.53812814	0.40445620	0.01252712	0.00360107	0.00252788	0.00903380	0.00287502	0.02322780	0.00012025	0.00005605	0.00018416	0.00030406	0.00111792	0.00096134	0.00023507	0.00003326	0.00012033	0.00020981	0.00011353	0.00003383	0.00004331	0.00002607	0.00002775	0.00003625	
  0.07200000	0.52880061	0.41187170	0.01321098	0.00380466	0.00263088	0.00930892	0.00300002	0.02357304	0.00012503	0.00006009	0.00019543	0.00032418	0.00115846	0.00101565	0.00025005	0.00003529	0.00012511	0.00021750	0.00011641	0.00003565	0.00004454	0.00002777	0.00002950	0.00003848	
  0.07400000	0.51990962	0.41886738	0.01389746	0.00401104	0.00273366	0.00957893	0.00312583	0.02389988	0.00012981	0.00006426	0.00020694	0.00034467	0.00119818	0.00107034	0.00026544	0.00003737	0.00012988	0.00022519	0.00011930	0.00003750	0.00004574	0.00002950	0.00003130	0.00004075	
  0.07600000	0.51143795	0.42545980	0.01458596	0.00421999	0.00283618	0.00984389	0.00325239	0.02420993	0.00013457	0.00006855	0.00021867	0.00036551	0.00123709	0.00112535	0.00028122	0.00003947	0.00013463	0.00023287	0.00012223	0.00003937	0.00004693	0.00003125	0.00003314	0.00004306	
  0.07800000	0.50336832	0.43166548	0.01527601	0.00443127	0.00293844	0.01010384	0.00337966	0.02450475	0.00013931	0.00007295	0.00023062	0.00038666	0.00127523	0.00118059	0.00029739	0.00004161	0.00013937	0.00024055	0.00012520	0.00004126	0.00004809	0.00003302	0.00003504	0.00004540	
  0.08000000	0.49568343	0.43750080	0.01596722	0.00464470	0.00304041	0.01035887	0.00350757	0.02478577	0.00014405	0.00007746	0.00024278	0.00040812	0.00131264	0.00123599	0.00031394	0.00004379	0.00014409	0.00024822	0.00012821	0.00004317	0.00004923	0.00003482	0.00003697	0.00004777	
  0.08200000	0.48836640	0.44298190	0.01665931	0.00486008	0.00314209	0.01060906	0.00363609	0.02505434	0.00014877	0.00008207	0.00025516	0.00042986	0.00134935	0.00129149	0.00033086	0.00004600	0.00014879	0.00025589	0.00013128	0.00004511	0.00005035	0.00003664	0.00003896	0.00005019	
  0.08400000	0.48140058	0.44812450	0.01735206	0.00507727	0.00324350	0.01085452	0.00376518	0.02531168	0.00015347	0.00008679	0.00026776	0.00045187	0.00138541	0.00134703	0.00034814	0.00004823	0.00015347	0.00026355	0.00013440	0.00004707	0.00005145	0.00003848	0.00004099	0.00005263	
  0.08600000	0.47476971	0.45294392	0.01804533	0.00529611	0.00334462	0.01109536	0.00389480	0.02555893	0.00015816	0.00009161	0.00028056	0.00047415	0.00142086	0.00140256	0.00036577	0.00005051	0.00015814	0.00027121	0.00013758	0.00004905	0.00005254	0.00004034	0.00004306	0.00005511	
  0.08800000	0.46845809	0.45745510	0.01873902	0.00551647	0.00344549	0.01133168	0.00402492	0.02579712	0.00016284	0.00009651	0.00029358	0.00049667	0.00145575	0.00145804	0.00038375	0.00005281	0.00016279	0.00027886	0.00014082	0.00005106	0.00005362	0.00004221	0.00004518	0.00005762	
  0.09000000	0.46245039	0.46167240	0.01943308	0.00573825	0.00354611	0.01156361	0.00415550	0.02602721	0.00016750	0.00010151	0.00030680	0.00051943	0.00149011	0.00151342	0.00040206	0.00005514	0.00016742	0.00028651	0.00014414	0.00005308	0.00005469	0.00004410	0.00004734	0.00006016	
  0.09200000	0.45673195	0.46560973	0.02012749	0.00596133	0.00364649	0.01179126	0.00428653	0.02625004	0.00017215	0.00010660	0.00032024	0.00054243	0.00152400	0.00156866	0.00042071	0.00005750	0.00017204	0.00029415	0.00014753	0.00005514	0.00005575	0.00004600	0.00004955	0.00006274	
  0.09400000	0.45128855	0.46928045	0.02082224	0.00618562	0.00374665	0.01201477	0.00441797	0.02646638	0.00017679	0.00011177	0.00033389	0.00056565	0.00155745	0.00162374	0.00043967	0.00005989	0.00017665	0.00030179	0.00015099	0.00005721	0.00005680	0.00004792	0.00005180	0.00006534	
  0.09600000	0.44610658	0.47269747	0.02151737	0.00641105	0.00384662	0.01223426	0.00454981	0.02667691	0.00018142	0.00011702	0.00034775	0.00058910	0.00159050	0.00167862	0.00045894	0.00006231	0.00018124	0.00030942	0.00015452	0.00005931	0.00005784	0.00004984	0.00005410	0.00006798	
  0.09800000	0.44117299	0.47587311	0.02221290	0.00663756	0.00394639	0.01244984	0.00468202	0.02688225	0.00018605	0.00012235	0.00036183	0.00061277	0.00162319	0.00173328	0.00047851	0.00006476	0.00018583	0.00031705	0.00015813	0.00006143	0.00005888	0.00005178	0.00005644	0.00007065	
  0.10000000	0.43647528	0.47881928	0.02290887	0.00686507	0.00404599	0.01266166	0.00481459	0.02708294	0.00019066	0.00012775	0.00037612	0.00063666	0.00165554	0.00178769	0.00049839	0.00006724	0.00019040	0.00032467	0.00016182	0.00006358	0.00005992	0.00005373	0.00005882	0.00007334	
  0.10200000	0.43200147	0.48154733	0.02360531	0.00709353	0.00414543	0.01286982	0.00494750	0.02727947	0.00019527	0.00013322	0.00039062	0.00066076	0.00168758	0.00184184	0.00051855	0.00006974	0.00019496	0.00033228	0.00016559	0.00006576	0.00006095	0.00005569	0.00006125	0.00007607	
  0.10400000	0.42774016	0.48406816	0.02430225	0.00732290	0.00424471	0.01307446	0.00508073	0.02747227	0.00019987	0.00013876	0.00040534	0.00068508	0.00171935	0.00189571	0.00053899	0.00007227	0.00019952	0.00033989	0.00016943	0.00006795	0.00006198	0.00005766	0.00006372	0.00007882	
  0.10600000	0.42368039	0.48639223	0.02499972	0.00755313	0.00434385	0.01327568	0.00521429	0.02766170	0.00020447	0.00014436	0.00042028	0.00070961	0.00175086	0.00194928	0.00055971	0.00007483	0.00020407	0.00034750	0.00017336	0.00007018	0.00006301	0.00005964	0.00006623	0.00008161	
  0.10800000	0.41981179	0.48852950	0.02569773	0.00778419	0.00444285	0.01347362	0.00534814	0.02784809	0.00020907	0.00015003	0.00043544	0.00073435	0.00178213	0.00200254	0.00058069	0.00007741	0.00020862	0.00035510	0.00017736	0.00007243	0.00006405	0.00006163	0.00006879	0.00008442	
  0.11000000	0.41612440	0.49048957	0.02639630	0.00801605	0.00454172	0.01366838	0.00548230	0.02803174	0.00021366	0.00015576	0.00045083	0.00075930	0.00181319	0.00205549	0.00060193	0.00008002	0.00021316	0.00036270	0.00018144	0.00007471	0.00006508	0.00006363	0.00007138	0.00008726	
  0.11200000	0.41260880	0.49228159	0.02709541	0.00824867	0.00464045	0.01386007	0.00561673	0.02821289	0.00021825	0.00016155	0.00046643	0.00078447	0.00184404	0.00210810	0.00062342	0.00008265	0.00021770	0.00037029	0.00018561	0.00007701	0.00006611	0.00006563	0.00007402	0.00009013	
  0.11400000	0.40925592	0.49391425	0.02779505	0.00848202	0.00473904	0.01404880	0.00575144	0.02839174	0.00022285	0.00016739	0.00048226	0.00080984	0.00187470	0.00216038	0.00064516	0.00008531	0.00022224	0.00037788	0.00018985	0.00007934	0.00006715	0.00006765	0.00007671	0.00009302	
  0.11600000	0.40605724	0.49539596	0.02849519	0.00871608	0.00483750	0.01423468	0.00588642	0.02856850	0.00022744	0.00017328	0.00049831	0.00083542	0.00190518	0.00221231	0.00066714	0.00008799	0.00022678	0.00038546	0.00019417	0.00008170	0.00006819	0.00006967	0.00007943	0.00009594	
  0.11800000	0.40300456	0.49673468	0.02919580	0.00895082	0.00493582	0.01441780	0.00602166	0.02874332	0.00023204	0.00017923	0.00051459	0.00086121	0.00193549	0.00226389	0.00068935	0.00009069	0.00023132	0.00039304	0.00019857	0.00008408	0.00006924	0.00007170	0.00008220	0.00009889	
  0.12000000	0.40009010	0.49793804	0.02989682	0.00918623	0.00503400	0.01459827	0.00615716	0.02891632	0.00023664	0.00018523	0.00053109	0.00088720	0.00196564	0.00231513	0.00071178	0.00009342	0.00023587	0.00040062	0.00020304	0.00008650	0.00007029	0.00007373	0.00008501	0.00010187	
  0.12200000	0.39730647	0.49901333	0.03059820	0.00942227	0.00513203	0.01477619	0.00629291	0.02908764	0.00024125	0.00019127	0.00054782	0.00091340	0.00199562	0.00236600	0.00073443	0.00009617	0.00024041	0.00040820	0.00020760	0.00008894	0.00007134	0.00007578	0.00008786	0.00010487	
  0.12400000	0.39464667	0.49996752	0.03129987	0.00965892	0.00522990	0.01495163	0.00642890	0.02925738	0.00024586	0.00019736	0.00056478	0.00093979	0.00202544	0.00241651	0.00075730	0.00009894	0.00024497	0.00041577	0.00021223	0.00009141	0.00007240	0.00007783	0.00009075	0.00010790	
  0.12600000	0.39210397	0.50080717	0.03200175	0.00989617	0.00532761	0.01512469	0.00656513	0.02942560	0.00025048	0.00020349	0.00058196	0.00096639	0.00205511	0.00246666	0.00078037	0.00010174	0.00024952	0.00042334	0.00021694	0.00009391	0.00007346	0.00007988	0.00009368	0.00011095	
  0.12800000	0.38967207	0.50153869	0.03270376	0.01013398	0.00542514	0.01529546	0.00670160	0.02959240	0.00025510	0.00020967	0.00059938	0.00099319	0.00208463	0.00251645	0.00080364	0.00010455	0.00025409	0.00043091	0.00022173	0.00009643	0.00007453	0.00008195	0.00009665	0.00011402	
  0.13000000	0.38734487	0.50216806	0.03340583	0.01037233	0.00552250	0.01546401	0.00683830	0.02975782	0.00025973	0.00021589	0.00061702	0.00102019	0.00211399	0.00256587	0.00082710	0.00010738	0.00025866	0.00043848	0.00022660	0.00009899	0.00007560	0.00008402	0.00009966	0.00011712	
  0.13200000	0.38511670	0.50270098	0.03410784	0.01061121	0.00561966	0.01563043	0.00697522	0.02992193	0.00026437	0.00022215	0.00063489	0.00104738	0.00214319	0.00261493	0.00085076	0.00011024	0.00026324	0.00044604	0.00023155	0.00010158	0.00007668	0.00008610	0.00010272	0.00012025	
  0.13400000	0.38298205	0.50314301	0.03480971	0.01085058	0.00571663	0.01579478	0.00711236	0.03008477	0.00026902	0.00022844	0.00065299	0.00107475	0.00217224	0.00266362	0.00087459	0.00011311	0.00026783	0.00045361	0.00023657	0.00010419	0.00007777	0.00008819	0.00010581	0.00012339	
  0.13600000	0.38093579	0.50349927	0.03551135	0.01109042	0.00581338	0.01595715	0.00724971	0.03024637	0.00027367	0.00023478	0.00067132	0.00110232	0.00220113	0.00271195	0.00089861	0.00011600	0.00027242	0.00046118	0.00024167	0.00010684	0.00007886	0.00009029	0.00010894	0.00012656	
  0.13800000	0.37897304	0.50377482	0.03621265	0.01133071	0.00590993	0.01611759	0.00738728	0.03040676	0.00027834	0.00024115	0.00068987	0.00113007	0.00222986	0.00275990	0.00092279	0.00011891	0.00027703	0.00046875	0.00024684	0.00010951	0.00007996	0.00009239	0.00011211	0.00012975	
  0.14000000	0.37708911	0.50397420	0.03691352	0.01157142	0.00600624	0.01627618	0.00752506	0.03056598	0.00028302	0.00024756	0.00070866	0.00115800	0.00225843	0.00280750	0.00094715	0.00012184	0.00028165	0.00047631	0.00025210	0.00011221	0.00008106	0.00009450	0.00011532	0.00013297	
  0.14200000	0.37527961	0.50410205	0.03761385	0.01181253	0.00610233	0.01643297	0.00766304	0.03072406	0.00028770	0.00025400	0.00072767	0.00118611	0.00228683	0.00285473	0.00097166	0.00012479	0.00028628	0.00048388	0.00025743	0.00011495	0.00008217	0.00009662	0.00011857	0.00013620	
  0.14400000	0.37354031	0.50416249	0.03831356	0.01205401	0.00619817	0.01658804	0.00780121	0.03088100	0.00029240	0.00026047	0.00074691	0.00121439	0.00231506	0.00290159	0.00099634	0.00012776	0.00029092	0.00049146	0.00026284	0.00011771	0.00008329	0.00009874	0.00012186	0.00013946	
  0.14600000	0.37186733	0.50415963	0.03901256	0.01229583	0.00629377	0.01674142	0.00793958	0.03103683	0.00029711	0.00026698	0.00076638	0.00124283	0.00234312	0.00294810	0.00102116	0.00013074	0.00029557	0.00049903	0.00026832	0.00012051	0.00008441	0.00010087	0.00012519	0.00014273	
  0.14800000	0.37025684	0.50409722	0.03971073	0.01253798	0.00638912	0.01689319	0.00807814	0.03119157	0.00030183	0.00027352	0.00078608	0.00127145	0.00237101	0.00299424	0.00104613	0.00013374	0.00030023	0.00050661	0.00027388	0.00012333	0.00008555	0.00010301	0.00012855	0.00014603	
  0.15000000	0.36870533	0.50397897	0.04040801	0.01278042	0.00648420	0.01704340	0.00821688	0.03134524	0.00030657	0.00028009	0.00080601	0.00130022	0.00239872	0.00304002	0.00107125	0.00013676	0.00030491	0.00051419	0.00027952	0.00012619	0.00008668	0.00010516	0.00013195	0.00014934	
  0.15200000	0.36720943	0.50380820	0.04110430	0.01302312	0.00657902	0.01719209	0.00835579	0.03149784	0.00031131	0.00028669	0.00082616	0.00132915	0.00242625	0.00308544	0.00109650	0.00013979	0.00030959	0.00052178	0.00028524	0.00012908	0.00008783	0.00010732	0.00013539	0.00015268	
  0.15400000	0.36576596	0.50358826	0.04179952	0.01326607	0.00667357	0.01733931	0.00849489	0.03164939	0.00031607	0.00029332	0.00084654	0.00135824	0.00245359	0.00313051	0.00112189	0.00014284	0.00031429	0.00052936	0.00029104	0.00013199	0.00008897	0.00010948	0.00013887	0.00015604	
  0.15600000	0.36437190	0.50332218	0.04249360	0.01350924	0.00676784	0.01748510	0.00863414	0.03179991	0.00032084	0.00029998	0.00086714	0.00138747	0.00248076	0.00317522	0.00114741	0.00014591	0.00031901	0.00053696	0.00029691	0.00013494	0.00009013	0.00011165	0.00014238	0.00015941	
  0.15800000	0.36302435	0.50301284	0.04318645	0.01375260	0.00686183	0.01762952	0.00877357	0.03194940	0.00032562	0.00030667	0.00088797	0.00141684	0.00250773	0.00321958	0.00117305	0.00014899	0.00032373	0.00054456	0.00030286	0.00013792	0.00009129	0.00011383	0.00014593	0.00016281	
  0.16000000	0.36172074	0.50266308	0.04387802	0.01399613	0.00695554	0.01777261	0.00891315	0.03209788	0.00033042	0.00031338	0.00090903	0.00144636	0.00253452	0.00326359	0.00119881	0.00015208	0.00032847	0.00055217	0.00030889	0.00014093	0.00009246	0.00011602	0.00014952	0.00016622	
  0.16200000	0.36045840	0.50227541	0.04456823	0.01423980	0.00704896	0.01791440	0.00905288	0.03224537	0.00033523	0.00032013	0.00093031	0.00147601	0.00256111	0.00330725	0.00122469	0.00015520	0.00033322	0.00055978	0.00031500	0.00014397	0.00009364	0.00011822	0.00015314	0.00016965	
  0.16400000	0.35923505	0.50185227	0.04525702	0.01448359	0.00714210	0.01805493	0.00919275	0.03239186	0.00034005	0.00032690	0.00095182	0.00150579	0.00258751	0.00335056	0.00125069	0.00015833	0.00033799	0.00056740	0.00032119	0.00014704	0.00009482	0.00012042	0.00015680	0.00017310	
  0.16600000	0.35804832	0.50139606	0.04594434	0.01472748	0.00723495	0.01819424	0.00933277	0.03253738	0.00034489	0.00033370	0.00097355	0.00153570	0.00261372	0.00339353	0.00127679	0.00016147	0.00034277	0.00057502	0.00032745	0.00015015	0.00009601	0.00012264	0.00016049	0.00017657	
  0.16800000	0.35689616	0.50090891	0.04663014	0.01497144	0.00732750	0.01833237	0.00947292	0.03268193	0.00034974	0.00034052	0.00099551	0.00156573	0.00263974	0.00343615	0.00130300	0.00016463	0.00034756	0.00058265	0.00033379	0.00015328	0.00009721	0.00012486	0.00016422	0.00018006	
  0.17000000	0.35577649	0.50039285	0.04731435	0.01521546	0.00741976	0.01846934	0.00961320	0.03282554	0.00035460	0.00034738	0.00101769	0.00159588	0.00266556	0.00347843	0.00132931	0.00016780	0.00035236	0.00059030	0.00034021	0.00015645	0.00009841	0.00012709	0.00016798	0.00018356	
  0.17200000	0.35468742	0.49984989	0.04799695	0.01545950	0.00751172	0.01860520	0.00975361	0.03296820	0.00035947	0.00035425	0.00104009	0.00162615	0.00269118	0.00352038	0.00135571	0.00017099	0.00035718	0.00059795	0.00034671	0.00015965	0.00009962	0.00012933	0.00017178	0.00018708	
  0.17400000	0.35362720	0.49928176	0.04867788	0.01570356	0.00760339	0.01873997	0.00989413	0.03310993	0.00036436	0.00036116	0.00106271	0.00165652	0.00271661	0.00356199	0.00138222	0.00017419	0.00036201	0.00060560	0.00035328	0.00016287	0.00010084	0.00013158	0.00017561	0.00019062	
  0.17600000	0.35259411	0.49869025	0.04935711	0.01594761	0.00769476	0.01887368	0.01003476	0.03325073	0.00036926	0.00036809	0.00108556	0.00168700	0.00274184	0.00360326	0.00140881	0.00017741	0.00036686	0.00061327	0.00035994	0.00016613	0.00010206	0.00013384	0.00017947	0.00019418	
  0.17800000	0.35158655	0.49807698	0.05003461	0.01619163	0.00778584	0.01900636	0.01017550	0.03339064	0.00037417	0.00037504	0.00110863	0.00171759	0.00276687	0.00364420	0.00143549	0.00018064	0.00037172	0.00062095	0.00036667	0.00016943	0.00010329	0.00013610	0.00018337	0.00019775	
  0.18000000	0.35060304	0.49744341	0.05071034	0.01643560	0.00787662	0.01913804	0.01031633	0.03352964	0.00037910	0.00038202	0.00113191	0.00174827	0.00279171	0.00368482	0.00146226	0.00018389	0.00037659	0.00062863	0.00037348	0.00017275	0.00010452	0.00013838	0.00018731	0.00020134	
  0.18200000	0.34964216	0.49679101	0.05138428	0.01667951	0.00796710	0.01926874	0.01045726	0.03366776	0.00038404	0.00038902	0.00115542	0.00177905	0.00281635	0.00372511	0.00148911	0.00018715	0.00038148	0.00063633	0.00038037	0.00017611	0.00010577	0.00014067	0.00019127	0.00020495	
  0.18400000	0.34870261	0.49612108	0.05205639	0.01692334	0.00805728	0.01939849	0.01059828	0.03380500	0.00038899	0.00039605	0.00117915	0.00180993	0.00284080	0.00376507	0.00151603	0.00019042	0.00038638	0.00064403	0.00038734	0.00017949	0.00010702	0.00014296	0.00019527	0.00020858	
  0.18600000	0.34778315	0.49543494	0.05272667	0.01716707	0.00814717	0.01952731	0.01073937	0.03394137	0.00039396	0.00040310	0.00120310	0.00184089	0.00286505	0.00380471	0.00154303	0.00019371	0.00039129	0.00065175	0.00039438	0.00018291	0.00010827	0.00014526	0.00019931	0.00021222	
  0.18800000	0.34688255	0.49473375	0.05339507	0.01741069	0.00823677	0.01965522	0.01088054	0.03407690	0.00039894	0.00041018	0.00122727	0.00187193	0.00288911	0.00384403	0.00157010	0.00019701	0.00039621	0.00065947	0.00040150	0.00018636	0.00010954	0.00014758	0.00020337	0.00021588	
  0.19000000	0.34599978	0.49401861	0.05406160	0.01765419	0.00832606	0.01978225	0.01102178	0.03421157	0.00040393	0.00041728	0.00125165	0.00190306	0.00291297	0.00388304	0.00159724	0.00020032	0.00040115	0.00066721	0.00040870	0.00018984	0.00011081	0.00014990	0.00020747	0.00021956	
  0.19200000	0.34513375	0.49329060	0.05472624	0.01789754	0.00841506	0.01990842	0.01116308	0.03434541	0.00040894	0.00042441	0.00127626	0.00193427	0.00293665	0.00392173	0.00162445	0.00020365	0.00040610	0.00067496	0.00041598	0.00019336	0.00011208	0.00015223	0.00021160	0.00022325	
  0.19400000	0.34428352	0.49255064	0.05538896	0.01814074	0.00850377	0.02003374	0.01130444	0.03447843	0.00041395	0.00043155	0.00130108	0.00196555	0.00296013	0.00396012	0.00165172	0.00020699	0.00041107	0.00068272	0.00042334	0.00019690	0.00011337	0.00015457	0.00021576	0.00022696	
  0.19600000	0.34344816	0.49179968	0.05604976	0.01838377	0.00859219	0.02015824	0.01144585	0.03461063	0.00041898	0.00043872	0.00132611	0.00199691	0.00298342	0.00399819	0.00167904	0.00021034	0.00041604	0.00069049	0.00043077	0.00020048	0.00011466	0.00015693	0.00021995	0.00023068	
  0.19800000	0.34262684	0.49103856	0.05670862	0.01862662	0.00868031	0.02028194	0.01158730	0.03474203	0.00042403	0.00044592	0.00135137	0.00202834	0.00300653	0.00403596	0.00170643	0.00021371	0.00042103	0.00069827	0.00043828	0.00020409	0.00011596	0.00015929	0.00022417	0.00023442	
  0.20000000	0.34181875	0.49026811	0.05736555	0.01886928	0.00876813	0.02040485	0.01172880	0.03487263	0.00042908	0.00045313	0.00137683	0.00205983	0.00302945	0.00407342	0.00173387	0.00021709	0.00042604	0.00070606	0.00044587	0.00020773	0.00011726	0.00016166	0.00022843	0.00023818	
  0.20200000	0.34102312	0.48948905	0.05802052	0.01911174	0.00885567	0.02052699	0.01187032	0.03500244	0.00043415	0.00046037	0.00140252	0.00209139	0.00305218	0.00411059	0.00176135	0.00022048	0.00043105	0.00071387	0.00045353	0.00021140	0.00011858	0.00016404	0.00023271	0.00024195	
  0.20400000	0.34023923	0.48870212	0.05867355	0.01935398	0.00894292	0.02064838	0.01201187	0.03513147	0.00043923	0.00046763	0.00142841	0.00212301	0.00307473	0.00414746	0.00178889	0.00022389	0.00043608	0.00072168	0.00046127	0.00021511	0.00011990	0.00016644	0.00023703	0.00024573	
  0.20600000	0.33946642	0.48790798	0.05932461	0.01959601	0.00902987	0.02076903	0.01215344	0.03525973	0.00044432	0.00047492	0.00145452	0.00215469	0.00309710	0.00418403	0.00181648	0.00022730	0.00044112	0.00072951	0.00046909	0.00021885	0.00012122	0.00016884	0.00024137	0.00024954	
  0.20800000	0.33870411	0.48710722	0.05997372	0.01983780	0.00911654	0.02088896	0.01229503	0.03538723	0.00044942	0.00048223	0.00148085	0.00218642	0.00311929	0.00422031	0.00184410	0.00023073	0.00044617	0.00073736	0.00047699	0.00022262	0.00012256	0.00017125	0.00024575	0.00025336	
  0.21000000	0.33795169	0.48630041	0.06062086	0.02007935	0.00920291	0.02100819	0.01243663	0.03551397	0.00045454	0.00048955	0.00150738	0.00221821	0.00314129	0.00425630	0.00187177	0.00023418	0.00045123	0.00074521	0.00048496	0.00022642	0.00012390	0.00017367	0.00025015	0.00025719	
  0.21200000	0.33720863	0.48548815	0.06126603	0.02032065	0.00928900	0.02112672	0.01257823	0.03563997	0.00045967	0.00049690	0.00153413	0.00225005	0.00316312	0.00429200	0.00189948	0.00023763	0.00045631	0.00075308	0.00049301	0.00023025	0.00012525	0.00017611	0.00025459	0.00026104	
  0.21400000	0.33647436	0.48467091	0.06190924	0.02056170	0.00937480	0.02124457	0.01271982	0.03576522	0.00046481	0.00050428	0.00156108	0.00228195	0.00318478	0.00432742	0.00192722	0.00024109	0.00046140	0.00076096	0.00050114	0.00023412	0.00012660	0.00017855	0.00025905	0.00026490	
  0.21600000	0.33574846	0.48384914	0.06255048	0.02080248	0.00946032	0.02136176	0.01286142	0.03588974	0.00046996	0.00051167	0.00158825	0.00231388	0.00320626	0.00436256	0.00195500	0.00024457	0.00046650	0.00076885	0.00050934	0.00023802	0.00012797	0.00018101	0.00026355	0.00026878	
  0.21800000	0.33503050	0.48302335	0.06318975	0.02104299	0.00954554	0.02147830	0.01300300	0.03601354	0.00047513	0.00051909	0.00161563	0.00234587	0.00322757	0.00439742	0.00198281	0.00024806	0.00047161	0.00077675	0.00051762	0.00024195	0.00012934	0.00018347	0.00026807	0.00027267	
  0.22000000	0.33431998	0.48219386	0.06382706	0.02128321	0.00963049	0.02159419	0.01314456	0.03613662	0.00048030	0.00052652	0.00164321	0.00237789	0.00324870	0.00443201	0.00201065	0.00025156	0.00047674	0.00078467	0.00052598	0.00024592	0.00013072	0.00018595	0.00027262	0.00027658	
  0.22200000	0.33361655	0.48136115	0.06446241	0.02152315	0.00971514	0.02170946	0.01328610	0.03625898	0.00048549	0.00053398	0.00167101	0.00240996	0.00326967	0.00446632	0.00203851	0.00025508	0.00048187	0.00079260	0.00053441	0.00024991	0.00013210	0.00018844	0.00027720	0.00028050	
  0.22400000	0.33291987	0.48052549	0.06509580	0.02176280	0.00979952	0.02182411	0.01342761	0.03638064	0.00049069	0.00054146	0.00169901	0.00244207	0.00329047	0.00450036	0.00206640	0.00025860	0.00048702	0.00080054	0.00054291	0.00025394	0.00013349	0.00019093	0.00028181	0.00028444	
  0.22600000	0.33222955	0.47968730	0.06572722	0.02200215	0.00988361	0.02193816	0.01356909	0.03650159	0.00049590	0.00054896	0.00172721	0.00247421	0.00331111	0.00453414	0.00209431	0.00026213	0.00049218	0.00080850	0.00055150	0.00025800	0.00013490	0.00019344	0.00028644	0.00028839	
  0.22800000	0.33154529	0.47884685	0.06635670	0.02224119	0.00996742	0.02205161	0.01371053	0.03662185	0.00050112	0.00055648	0.00175562	0.00250639	0.00333158	0.00456765	0.00212224	0.00026568	0.00049735	0.00081647	0.00056016	0.00026209	0.00013630	0.00019596	0.00029110	0.00029236	
  0.23000000	0.33086675	0.47800446	0.06698422	0.02247992	0.01005095	0.02216447	0.01385192	0.03674142	0.00050636	0.00056403	0.00178424	0.00253860	0.00335189	0.00460090	0.00215019	0.00026924	0.00050253	0.00082445	0.00056889	0.00026622	0.00013772	0.00019849	0.00029579	0.00029634	
  0.23200000	0.33019373	0.47716036	0.06760979	0.02271833	0.01013420	0.02227676	0.01399327	0.03686031	0.00051160	0.00057159	0.00181306	0.00257084	0.00337204	0.00463388	0.00217816	0.00027281	0.00050773	0.00083244	0.00057770	0.00027038	0.00013914	0.00020104	0.00030051	0.00030033	
  0.23400000	0.32952586	0.47631484	0.06823343	0.02295643	0.01021717	0.02238849	0.01413457	0.03697851	0.00051686	0.00057917	0.00184209	0.00260311	0.00339203	0.00466661	0.00220614	0.00027639	0.00051293	0.00084045	0.00058658	0.00027457	0.00014058	0.00020359	0.00030526	0.00030434	
  0.23600000	0.32886299	0.47546816	0.06885513	0.02319419	0.01029986	0.02249965	0.01427581	0.03709604	0.00052212	0.00058678	0.00187131	0.00263540	0.00341186	0.00469909	0.00223413	0.00027998	0.00051815	0.00084847	0.00059554	0.00027879	0.00014201	0.00020615	0.00031003	0.00030836	
  0.23800000	0.32820481	0.47462046	0.06947489	0.02343162	0.01038227	0.02261028	0.01441698	0.03721290	0.00052740	0.00059440	0.00190074	0.00266773	0.00343154	0.00473132	0.00226214	0.00028358	0.00052338	0.00085651	0.00060458	0.00028304	0.00014346	0.00020873	0.00031483	0.00031239	
  0.24000000	0.32755116	0.47377205	0.07009273	0.02366872	0.01046441	0.02272036	0.01455809	0.03732909	0.00053269	0.00060204	0.00193037	0.00270008	0.00345106	0.00476329	0.00229015	0.00028719	0.00052862	0.00086455	0.00061368	0.00028733	0.00014492	0.00021132	0.00031965	0.00031644	
  0.24200000	0.32690179	0.47292304	0.07070864	0.02390547	0.01054627	0.02282991	0.01469913	0.03744463	0.00053799	0.00060971	0.00196020	0.00273244	0.00347044	0.00479502	0.00231817	0.00029082	0.00053387	0.00087261	0.00062287	0.00029165	0.00014638	0.00021392	0.00032451	0.00032051	
  0.24400000	0.32625657	0.47207367	0.07132263	0.02414188	0.01062785	0.02293894	0.01484009	0.03755950	0.00054331	0.00061739	0.00199023	0.00276484	0.00348966	0.00482651	0.00234619	0.00029445	0.00053913	0.00088069	0.00063212	0.00029600	0.00014785	0.00021653	0.00032938	0.00032458	
  0.24600000	0.32561529	0.47122407	0.07193472	0.02437793	0.01070916	0.02304746	0.01498098	0.03767372	0.00054863	0.00062510	0.00202046	0.00279724	0.00350873	0.00485775	0.00237422	0.00029809	0.00054440	0.00088877	0.00064146	0.00030038	0.00014933	0.00021915	0.00033429	0.00032867	
  0.24800000	0.32497776	0.47037441	0.07254490	0.02461364	0.01079020	0.02315547	0.01512178	0.03778730	0.00055396	0.00063282	0.00205088	0.00282967	0.00352765	0.00488876	0.00240225	0.00030175	0.00054969	0.00089687	0.00065086	0.00030480	0.00015081	0.00022178	0.00033922	0.00033277	
  0.25000000	0.32434383	0.46952483	0.07315318	0.02484898	0.01087097	0.02326299	0.01526249	0.03790023	0.00055931	0.00064056	0.00208151	0.00286211	0.00354643	0.00491953	0.00243028	0.00030541	0.00055498	0.00090499	0.00066034	0.00030925	0.00015231	0.00022443	0.00034417	0.00033689	
  0.25200000	0.32371339	0.46867549	0.07375956	0.02508396	0.01095146	0.02337001	0.01540311	0.03801252	0.00056466	0.00064832	0.00211232	0.00289457	0.00356507	0.00495006	0.00245831	0.00030908	0.00056028	0.00091311	0.00066990	0.00031373	0.00015381	0.00022708	0.00034915	0.00034102	
  0.25400000	0.32308629	0.46782649	0.07436406	0.02531857	0.01103169	0.02347654	0.01554363	0.03812417	0.00057003	0.00065611	0.00214334	0.00292704	0.00358356	0.00498037	0.00248633	0.00031277	0.00056560	0.00092125	0.00067952	0.00031824	0.00015532	0.00022975	0.00035416	0.00034516	
  0.25600000	0.32246241	0.46697795	0.07496667	0.02555281	0.01111164	0.02358260	0.01568405	0.03823519	0.00057541	0.00066391	0.00217454	0.00295953	0.00360192	0.00501044	0.00251436	0.00031646	0.00057093	0.00092940	0.00068923	0.00032279	0.00015683	0.00023243	0.00035919	0.00034931	
  0.25800000	0.32184163	0.46612999	0.07556741	0.02578668	0.01119133	0.02368819	0.01582437	0.03834558	0.00058079	0.00067173	0.00220594	0.00299202	0.00362013	0.00504029	0.00254237	0.00032017	0.00057626	0.00093757	0.00069900	0.00032737	0.00015836	0.00023512	0.00036424	0.00035348	
  0.26000000	0.32122380	0.46528271	0.07616628	0.02602017	0.01127075	0.02379331	0.01596458	0.03845534	0.00058619	0.00067957	0.00223754	0.00302452	0.00363820	0.00506992	0.00257038	0.00032388	0.00058161	0.00094574	0.00070885	0.00033198	0.00015989	0.00023783	0.00036932	0.00035766	
  0.26200000	0.32060885	0.46443617	0.07676328	0.02625328	0.01134991	0.02389797	0.01610468	0.03856448	0.00059160	0.00068742	0.00226932	0.00305703	0.00365614	0.00509932	0.00259837	0.00032760	0.00058697	0.00095393	0.00071877	0.00033662	0.00016143	0.00024054	0.00037443	0.00036185	
  0.26400000	0.31999668	0.46359053	0.07735843	0.02648601	0.01142880	0.02400218	0.01624466	0.03867300	0.00059702	0.00069530	0.00230130	0.00308955	0.00367395	0.00512850	0.00262636	0.00033134	0.00059234	0.00096214	0.00072876	0.00034129	0.00016298	0.00024327	0.00037956	0.00036605	
  0.26600000	0.31938723	0.46274582	0.07795173	0.02671834	0.01150742	0.02410595	0.01638453	0.03878090	0.00060245	0.00070319	0.00233346	0.00312207	0.00369162	0.00515747	0.00265433	0.00033508	0.00059772	0.00097035	0.00073883	0.00034600	0.00016454	0.00024601	0.00038471	0.00037027	
  0.26800000	0.31878033	0.46190211	0.07854319	0.02695029	0.01158579	0.02420927	0.01652427	0.03888819	0.00060789	0.00071111	0.00236582	0.00315459	0.00370916	0.00518622	0.00268230	0.00033883	0.00060311	0.00097858	0.00074897	0.00035074	0.00016611	0.00024876	0.00038989	0.00037450	
  0.27000000	0.31817600	0.46105948	0.07913280	0.02718184	0.01166389	0.02431215	0.01666389	0.03899487	0.00061334	0.00071904	0.00239836	0.00318712	0.00372657	0.00521476	0.00271024	0.00034259	0.00060851	0.00098682	0.00075918	0.00035551	0.00016768	0.00025153	0.00039509	0.00037874	
  0.27200000	0.31757408	0.46021804	0.07972059	0.02741300	0.01174174	0.02441461	0.01680337	0.03910094	0.00061880	0.00072699	0.00243109	0.00321965	0.00374385	0.00524308	0.00273817	0.00034636	0.00061392	0.00099508	0.00076947	0.00036031	0.00016926	0.00025430	0.00040031	0.00038299	
  0.27400000	0.31697455	0.45937780	0.08030656	0.02764375	0.01181932	0.02451664	0.01694273	0.03920640	0.00062427	0.00073496	0.00246401	0.00325218	0.00376100	0.00527120	0.00276609	0.00035014	0.00061934	0.00100335	0.00077982	0.00036515	0.00017085	0.00025709	0.00040556	0.00038726	
  0.27600000	0.31637734	0.45853880	0.08089071	0.02787410	0.01189665	0.02461825	0.01708195	0.03931127	0.00062975	0.00074294	0.00249711	0.00328471	0.00377803	0.00529912	0.00279398	0.00035393	0.00062477	0.00101163	0.00079025	0.00037001	0.00017245	0.00025989	0.00041083	0.00039154	
  0.27800000	0.31578240	0.45770115	0.08147305	0.02810405	0.01197372	0.02471945	0.01722103	0.03941553	0.00063524	0.00075095	0.00253039	0.00331723	0.00379493	0.00532683	0.00282186	0.00035773	0.00063021	0.00101992	0.00080075	0.00037491	0.00017405	0.00026270	0.00041612	0.00039582	
  0.28000000	0.31518963	0.45686486	0.08205358	0.02833358	0.01205054	0.02482023	0.01735997	0.03951920	0.00064074	0.00075897	0.00256386	0.00334976	0.00381171	0.00535434	0.00284971	0.00036153	0.00063566	0.00102822	0.00081132	0.00037984	0.00017567	0.00026553	0.00042144	0.00040012	
  0.28200000	0.31459898	0.45602998	0.08263232	0.02856271	0.01212710	0.02492061	0.01749876	0.03962228	0.00064625	0.00076701	0.00259751	0.00338227	0.00382837	0.00538164	0.00287755	0.00036535	0.00064112	0.00103654	0.00082197	0.00038480	0.00017729	0.00026836	0.00042678	0.00040444	
  0.28400000	0.31401044	0.45519656	0.08320927	0.02879142	0.01220342	0.02502058	0.01763741	0.03972476	0.00065177	0.00077507	0.00263135	0.00341479	0.00384491	0.00540876	0.00290536	0.00036917	0.00064659	0.00104487	0.00083268	0.00038980	0.00017892	0.00027121	0.00043214	0.00040876	
