  0.00000000	0.00000000	0.00000000	0.00000000	0.00000000	0.00000000	1.00000000	0.00000000	0.00000000	0.00000000	0.00000000	0.00000000	0.00000000	0.00000000	0.00000000	0.00000000	0.00000000	0.00000000	0.00000000	0.00000000	0.00000000	0.00000000	0.00000000	0.00000000	0.00000000	
  0.00200000	0.00001477	0.00000799	0.00000600	0.00002525	0.00044183	0.99933380	0.00015462	0.00000756	0.00000000	0.00000007	0.00000009	0.00000028	0.00000028	0.00000032	0.00000036	0.00000014	0.00000032	0.00000384	0.00000075	0.00000002	0.00000000	0.00000032	0.00000000	0.00000136	
  0.00400000	0.00005892	0.00003193	0.00002393	0.00010232	0.00175924	0.99734420	0.00061672	0.00003013	0.00000001	0.00000028	0.00000036	0.00000111	0.00000111	0.00000128	0.00000146	0.00000057	0.00000130	0.00001532	0.00000300	0.00000009	0.00000001	0.00000128	0.00000001	0.00000544	
  0.00600000	0.00013194	0.00007171	0.00005361	0.00023508	0.00392869	0.99405712	0.00138117	0.00006735	0.00000002	0.00000062	0.00000081	0.00000251	0.00000250	0.00000286	0.00000328	0.00000127	0.00000300	0.00003435	0.00000675	0.00000022	0.00000003	0.00000286	0.00000005	0.00001219	
  0.00800000	0.00023304	0.00012717	0.00009476	0.00042971	0.00691261	0.98951423	0.00243978	0.00011864	0.00000004	0.00000110	0.00000144	0.00000446	0.00000443	0.00000506	0.00000585	0.00000225	0.00000551	0.00006076	0.00001197	0.00000041	0.00000007	0.00000506	0.00000015	0.00002153	
  0.01000000	0.00036116	0.00019810	0.00014705	0.00069425	0.01066118	0.98377061	0.00378164	0.00018327	0.00000007	0.00000171	0.00000224	0.00000698	0.00000691	0.00000785	0.00000916	0.00000350	0.00000894	0.00009433	0.00001864	0.00000068	0.00000015	0.00000785	0.00000035	0.00003337	
  0.01200000	0.00051503	0.00028425	0.00021012	0.00103810	0.01511430	0.97689342	0.00539346	0.00026033	0.00000012	0.00000244	0.00000321	0.00001007	0.00000991	0.00001122	0.00001324	0.00000500	0.00001343	0.00013479	0.00002673	0.00000104	0.00000028	0.00001122	0.00000070	0.00004760	
  0.01400000	0.00069314	0.00038530	0.00028366	0.00147140	0.02020372	0.96895939	0.00725996	0.00034877	0.00000020	0.00000329	0.00000434	0.00001373	0.00001344	0.00001514	0.00001809	0.00000675	0.00001915	0.00018183	0.00003620	0.00000151	0.00000048	0.00001514	0.00000125	0.00006408	
  0.01600000	0.00089387	0.00050092	0.00036745	0.00200446	0.02585527	0.96005303	0.00936424	0.00044746	0.00000031	0.00000426	0.00000563	0.00001797	0.00001747	0.00001959	0.00002373	0.00000874	0.00002627	0.00023512	0.00004700	0.00000212	0.00000078	0.00001959	0.00000207	0.00008267	
  0.01800000	0.00111546	0.00063075	0.00046136	0.00264709	0.03199106	0.95026428	0.01168819	0.00055520	0.00000045	0.00000533	0.00000706	0.00002279	0.00002200	0.00002454	0.00003017	0.00001095	0.00003495	0.00029428	0.00005905	0.00000289	0.00000119	0.00002454	0.00000324	0.00010319	
  0.02000000	0.00135605	0.00077438	0.00056544	0.00340817	0.03853153	0.93968672	0.01421287	0.00067075	0.00000064	0.00000651	0.00000863	0.00002820	0.00002700	0.00002995	0.00003743	0.00001337	0.00004538	0.00035891	0.00007227	0.00000383	0.00000174	0.00002995	0.00000481	0.00012548	
  0.02200000	0.00161376	0.00093137	0.00067990	0.00429515	0.04539742	0.92841536	0.01691886	0.00079286	0.00000088	0.00000777	0.00001034	0.00003421	0.00003245	0.00003581	0.00004551	0.00001599	0.00005770	0.00042861	0.00008658	0.00000497	0.00000245	0.00003581	0.00000687	0.00014936	
  0.02400000	0.00188668	0.00110129	0.00080512	0.00531376	0.05251136	0.91654527	0.01978656	0.00092029	0.00000117	0.00000913	0.00001216	0.00004083	0.00003834	0.00004208	0.00005444	0.00001878	0.00007206	0.00050295	0.00010186	0.00000634	0.00000332	0.00004207	0.00000949	0.00017466	
  0.02600000	0.00217292	0.00128367	0.00094169	0.00646777	0.05979938	0.90416956	0.02279653	0.00105183	0.00000153	0.00001056	0.00001411	0.00004806	0.00004463	0.00004872	0.00006421	0.00002172	0.00008858	0.00058152	0.00011801	0.00000794	0.00000439	0.00004872	0.00001274	0.00020119	
  0.02800000	0.00247061	0.00147802	0.00109033	0.00775893	0.06719193	0.89137852	0.02592972	0.00118632	0.00000195	0.00001206	0.00001617	0.00005591	0.00005129	0.00005573	0.00007484	0.00002481	0.00010738	0.00066390	0.00013490	0.00000981	0.00000566	0.00005573	0.00001668	0.00022877	
  0.03000000	0.00277797	0.00168385	0.00125192	0.00918698	0.07462484	0.87825817	0.02916767	0.00132269	0.00000244	0.00001364	0.00001832	0.00006438	0.00005831	0.00006307	0.00008633	0.00002803	0.00012851	0.00074968	0.00015242	0.00001195	0.00000715	0.00006307	0.00002138	0.00025722	
  0.03200000	0.00309328	0.00190064	0.00142744	0.01074969	0.08203980	0.86488962	0.03249267	0.00145993	0.00000300	0.00001527	0.00002058	0.00007348	0.00006565	0.00007071	0.00009868	0.00003134	0.00015204	0.00083846	0.00017044	0.00001437	0.00000887	0.00007071	0.00002690	0.00028638	
  0.03400000	0.00341492	0.00212790	0.00161796	0.01244308	0.08938482	0.85134834	0.03588795	0.00159713	0.00000363	0.00001696	0.00002293	0.00008322	0.00007328	0.00007863	0.00011189	0.00003475	0.00017799	0.00092985	0.00018886	0.00001710	0.00001081	0.00007863	0.00003329	0.00031608	
  0.03600000	0.00374136	0.00236509	0.00182459	0.01426160	0.09661423	0.83770370	0.03933771	0.00173346	0.00000434	0.00001869	0.00002537	0.00009360	0.00008117	0.00008681	0.00012595	0.00003822	0.00020635	0.00102350	0.00020756	0.00002014	0.00001300	0.00008682	0.00004058	0.00034617	
  0.03800000	0.00407119	0.00261171	0.00204843	0.01619839	0.10368873	0.82401878	0.04282720	0.00186821	0.00000512	0.00002048	0.00002791	0.00010462	0.00008928	0.00009524	0.00014086	0.00004175	0.00023709	0.00111905	0.00022646	0.00002350	0.00001541	0.00009525	0.00004882	0.00037651	
  0.04000000	0.00440313	0.00286722	0.00229059	0.01824557	0.11057515	0.81035030	0.04634279	0.00200075	0.00000598	0.00002230	0.00003053	0.00011628	0.00009759	0.00010388	0.00015660	0.00004532	0.00027017	0.00121618	0.00024547	0.00002719	0.00001806	0.00010390	0.00005803	0.00040698	
  0.04200000	0.00473600	0.00313112	0.00255211	0.02039442	0.11724614	0.79674870	0.04987195	0.00213056	0.00000691	0.00002416	0.00003325	0.00012859	0.00010607	0.00011274	0.00017315	0.00004891	0.00030552	0.00131460	0.00026452	0.00003120	0.00002095	0.00011276	0.00006824	0.00043745	
  0.04400000	0.00506873	0.00340288	0.00283395	0.02263574	0.12367979	0.78325814	0.05340323	0.00225720	0.00000791	0.00002606	0.00003606	0.00014153	0.00011469	0.00012178	0.00019050	0.00005250	0.00034304	0.00141403	0.00028356	0.00003555	0.00002405	0.00012181	0.00007947	0.00046782	
  0.04600000	0.00540039	0.00368200	0.00313698	0.02495999	0.12985915	0.76991695	0.05692630	0.00238033	0.00000898	0.00002798	0.00003897	0.00015511	0.00012341	0.00013100	0.00020864	0.00005610	0.00038264	0.00151420	0.00030255	0.00004024	0.00002737	0.00013104	0.00009170	0.00049800	
  0.04800000	0.00573012	0.00396797	0.00346197	0.02735755	0.13577181	0.75675780	0.06043183	0.00249969	0.00001012	0.00002993	0.00004199	0.00016932	0.00013222	0.00014038	0.00022753	0.00005968	0.00042419	0.00161490	0.00032149	0.00004527	0.00003090	0.00014044	0.00010496	0.00052791	
  0.05000000	0.00605722	0.00426029	0.00380955	0.02981890	0.14140932	0.74380833	0.06391152	0.00261511	0.00001132	0.00003191	0.00004513	0.00018415	0.00014109	0.00014991	0.00024715	0.00006324	0.00046759	0.00171591	0.00034035	0.00005065	0.00003462	0.00015000	0.00011923	0.00055750	
  0.05200000	0.00638103	0.00455847	0.00418024	0.03233475	0.14676683	0.73109114	0.06735801	0.00272646	0.00001257	0.00003391	0.00004839	0.00019961	0.00015000	0.00015958	0.00026749	0.00006678	0.00051269	0.00181705	0.00035917	0.00005636	0.00003854	0.00015971	0.00013451	0.00058670	
  0.05400000	0.00670103	0.00486204	0.00457446	0.03489617	0.15184243	0.71862465	0.07076481	0.00283369	0.00001389	0.00003594	0.00005178	0.00021567	0.00015893	0.00016939	0.00028851	0.00007027	0.00055937	0.00191815	0.00037795	0.00006243	0.00004262	0.00016955	0.00015076	0.00061548	
  0.05600000	0.00701676	0.00517053	0.00499247	0.03749468	0.15663692	0.70642322	0.07412630	0.00293682	0.00001525	0.00003798	0.00005531	0.00023233	0.00016786	0.00017932	0.00031018	0.00007373	0.00060748	0.00201907	0.00039673	0.00006884	0.00004688	0.00017953	0.00016799	0.00064381	
  0.05800000	0.00732786	0.00548349	0.00543443	0.04012234	0.16115323	0.69449764	0.07743759	0.00303590	0.00001667	0.00004004	0.00005899	0.00024958	0.00017679	0.00018937	0.00033249	0.00007714	0.00065690	0.00211967	0.00041555	0.00007560	0.00005129	0.00018963	0.00018616	0.00067167	
  0.06000000	0.00763402	0.00580047	0.00590041	0.04277177	0.16539608	0.68285561	0.08069453	0.00313101	0.00001813	0.00004212	0.00006283	0.00026740	0.00018569	0.00019952	0.00035539	0.00008051	0.00070748	0.00221984	0.00043446	0.00008271	0.00005584	0.00019985	0.00020525	0.00069905	
  0.06200000	0.00793501	0.00612107	0.00639036	0.04543618	0.16937171	0.67150211	0.08389362	0.00322228	0.00001963	0.00004422	0.00006684	0.00028578	0.00019456	0.00020977	0.00037887	0.00008383	0.00075911	0.00231948	0.00045351	0.00009018	0.00006053	0.00021018	0.00022523	0.00072595	
  0.06400000	0.00823066	0.00644485	0.00690416	0.04810939	0.17308745	0.66043961	0.08703195	0.00330987	0.00002118	0.00004633	0.00007103	0.00030471	0.00020338	0.00022013	0.00040289	0.00008711	0.00081165	0.00241852	0.00047275	0.00009799	0.00006534	0.00022062	0.00024606	0.00075237	
  0.06600000	0.00852085	0.00677144	0.00744160	0.05078581	0.17655157	0.64966857	0.09010717	0.00339395	0.00002275	0.00004846	0.00007541	0.00032417	0.00021217	0.00023057	0.00042743	0.00009034	0.00086499	0.00251687	0.00049224	0.00010616	0.00007027	0.00023116	0.00026773	0.00077832	
  0.06800000	0.00880551	0.00710045	0.00800241	0.05346044	0.17977294	0.63918781	0.09311738	0.00347471	0.00002436	0.00005061	0.00007998	0.00034414	0.00022090	0.00024110	0.00045246	0.00009352	0.00091900	0.00261448	0.00051202	0.00011468	0.00007530	0.00024180	0.00029018	0.00080382	
  0.07000000	0.00908460	0.00743152	0.00858628	0.05612884	0.18276092	0.62899441	0.09606116	0.00355234	0.00002600	0.00005277	0.00008476	0.00036460	0.00022958	0.00025171	0.00047795	0.00009667	0.00097360	0.00271130	0.00053215	0.00012356	0.00008043	0.00025254	0.00031339	0.00082888	
  0.07200000	0.00935814	0.00776432	0.00919283	0.05878707	0.18552510	0.61908454	0.09893748	0.00362706	0.00002767	0.00005494	0.00008975	0.00038555	0.00023821	0.00026240	0.00050388	0.00009978	0.00102867	0.00280728	0.00055267	0.00013280	0.00008565	0.00026337	0.00033733	0.00085353	
  0.07400000	0.00962615	0.00809852	0.00982167	0.06143172	0.18807526	0.60945302	0.10174564	0.00369907	0.00002936	0.00005713	0.00009495	0.00040696	0.00024679	0.00027316	0.00053022	0.00010285	0.00108414	0.00290239	0.00057362	0.00014239	0.00009095	0.00027429	0.00036196	0.00087779	
  0.07600000	0.00988871	0.00843380	0.01047235	0.06405979	0.19042112	0.60009414	0.10448527	0.00376858	0.00003108	0.00005934	0.00010039	0.00042881	0.00025532	0.00028400	0.00055694	0.00010589	0.00113990	0.00299661	0.00059504	0.00015234	0.00009633	0.00028529	0.00038725	0.00090169	
  0.07800000	0.01014590	0.00876988	0.01114445	0.06666871	0.19257239	0.59100151	0.10715628	0.00383579	0.00003282	0.00006156	0.00010605	0.00045108	0.00026380	0.00029491	0.00058403	0.00010890	0.00119589	0.00308990	0.00061695	0.00016265	0.00010179	0.00029638	0.00041317	0.00092525	
  0.08000000	0.01039783	0.00910647	0.01183749	0.06925630	0.19453858	0.58216810	0.10975882	0.00390090	0.00003457	0.00006379	0.00011194	0.00047377	0.00027223	0.00030588	0.00061145	0.00011189	0.00125203	0.00318226	0.00063938	0.00017332	0.00010731	0.00030754	0.00043967	0.00094850	
  0.08200000	0.01064462	0.00944334	0.01255103	0.07182068	0.19632897	0.57358664	0.11229323	0.00396409	0.00003634	0.00006604	0.00011808	0.00049684	0.00028062	0.00031692	0.00063919	0.00011485	0.00130827	0.00327367	0.00066234	0.00018434	0.00011289	0.00031879	0.00046673	0.00097146	
  0.08400000	0.01088641	0.00978022	0.01328458	0.07436028	0.19795261	0.56524968	0.11476006	0.00402555	0.00003813	0.00006830	0.00012445	0.00052028	0.00028896	0.00032803	0.00066722	0.00011779	0.00136455	0.00336413	0.00068586	0.00019572	0.00011854	0.00033011	0.00049433	0.00099417	
  0.08600000	0.01112334	0.01011689	0.01403770	0.07687380	0.19941823	0.55714959	0.11716001	0.00408544	0.00003994	0.00007058	0.00013108	0.00054408	0.00029728	0.00033919	0.00069553	0.00012073	0.00142081	0.00345362	0.00070993	0.00020746	0.00012424	0.00034151	0.00052242	0.00101664	
  0.08800000	0.01135557	0.01045315	0.01480992	0.07936015	0.20073421	0.54927850	0.11949392	0.00414392	0.00004175	0.00007287	0.00013795	0.00056822	0.00030556	0.00035042	0.00072410	0.00012364	0.00147701	0.00354215	0.00073456	0.00021955	0.00012999	0.00035298	0.00055098	0.00103891	
  0.09000000	0.01158325	0.01078879	0.01560082	0.08181844	0.20190865	0.54162884	0.12176272	0.00420114	0.00004358	0.00007518	0.00014507	0.00059268	0.00031382	0.00036170	0.00075290	0.00012655	0.00153311	0.00362973	0.00075976	0.00023199	0.00013579	0.00036453	0.00057999	0.00106098	
  0.09200000	0.01180656	0.01112364	0.01640995	0.08424795	0.20294924	0.53419292	0.12396747	0.00425724	0.00004543	0.00007750	0.00015244	0.00061745	0.00032205	0.00037305	0.00078192	0.00012945	0.00158908	0.00371634	0.00078551	0.00024478	0.00014165	0.00037614	0.00060941	0.00108288	
  0.09400000	0.01202565	0.01145751	0.01723690	0.08664811	0.20386338	0.52696311	0.12610929	0.00431232	0.00004728	0.00007984	0.00016007	0.00064250	0.00033026	0.00038445	0.00081114	0.00013235	0.00164489	0.00380200	0.00081181	0.00025792	0.00014755	0.00038782	0.00063922	0.00110463	
  0.09600000	0.01224069	0.01179027	0.01808126	0.08901845	0.20465808	0.51993215	0.12818937	0.00436651	0.00004914	0.00008219	0.00016795	0.00066783	0.00033846	0.00039591	0.00084054	0.00013525	0.00170050	0.00388671	0.00083866	0.00027141	0.00015349	0.00039957	0.00066939	0.00112625	
  0.09800000	0.01245184	0.01212175	0.01894265	0.09135862	0.20534004	0.51309264	0.13020892	0.00441991	0.00005102	0.00008456	0.00017609	0.00069343	0.00034664	0.00040742	0.00087011	0.00013814	0.00175591	0.00397049	0.00086604	0.00028524	0.00015948	0.00041138	0.00069991	0.00114775	
  0.10000000	0.01265927	0.01245184	0.01982068	0.09366834	0.20591561	0.50643772	0.13216926	0.00447259	0.00005290	0.00008694	0.00018449	0.00071927	0.00035481	0.00041899	0.00089984	0.00014104	0.00181107	0.00405333	0.00089394	0.00029942	0.00016551	0.00042326	0.00073074	0.00116914	
  0.10200000	0.01286315	0.01278041	0.02071500	0.09594740	0.20639084	0.49996042	0.13407166	0.00452465	0.00005480	0.00008934	0.00019315	0.00074534	0.00036298	0.00043061	0.00092971	0.00014393	0.00186599	0.00413524	0.00092235	0.00031393	0.00017158	0.00043520	0.00076188	0.00119043	
  0.10400000	0.01306361	0.01310735	0.02162526	0.09819564	0.20677146	0.49365416	0.13591745	0.00457615	0.00005670	0.00009175	0.00020206	0.00077164	0.00037115	0.00044229	0.00095970	0.00014684	0.00192065	0.00421625	0.00095126	0.00032878	0.00017770	0.00044721	0.00079329	0.00121163	
  0.10600000	0.01326082	0.01343256	0.02255112	0.10041296	0.20706290	0.48751262	0.13770798	0.00462715	0.00005861	0.00009418	0.00021124	0.00079814	0.00037932	0.00045402	0.00098981	0.00014974	0.00197503	0.00429635	0.00098066	0.00034396	0.00018385	0.00045928	0.00082496	0.00123276	
  0.10800000	0.01345493	0.01375596	0.02349225	0.10259928	0.20727031	0.48152956	0.13944456	0.00467770	0.00006053	0.00009663	0.00022068	0.00082485	0.00038748	0.00046580	0.00102001	0.00015265	0.00202912	0.00437556	0.00101053	0.00035947	0.00019004	0.00047141	0.00085686	0.00125381	
  0.11000000	0.01364608	0.01407746	0.02444833	0.10475454	0.20739856	0.47569916	0.14112854	0.00472785	0.00006246	0.00009909	0.00023039	0.00085174	0.00039566	0.00047764	0.00105031	0.00015557	0.00208292	0.00445389	0.00104087	0.00037531	0.00019627	0.00048360	0.00088899	0.00127480	
  0.11200000	0.01383440	0.01439699	0.02541907	0.10687871	0.20745231	0.47001565	0.14276123	0.00477763	0.00006440	0.00010157	0.00024035	0.00087882	0.00040384	0.00048953	0.00108068	0.00015849	0.00213642	0.00453136	0.00107166	0.00039146	0.00020254	0.00049584	0.00092132	0.00129573	
  0.11400000	0.01402002	0.01471448	0.02640416	0.10897178	0.20743594	0.46447363	0.14434396	0.00482707	0.00006634	0.00010406	0.00025059	0.00090606	0.00041202	0.00050148	0.00111112	0.00016142	0.00218962	0.00460796	0.00110289	0.00040794	0.00020885	0.00050815	0.00095384	0.00131659	
  0.11600000	0.01420308	0.01502990	0.02740331	0.11103376	0.20735359	0.45906788	0.14587802	0.00487621	0.00006830	0.00010657	0.00026108	0.00093346	0.00042022	0.00051347	0.00114162	0.00016435	0.00224250	0.00468372	0.00113456	0.00042472	0.00021519	0.00052052	0.00098654	0.00133740	
  0.11800000	0.01438370	0.01534317	0.02841624	0.11306465	0.20720923	0.45379341	0.14736469	0.00492506	0.00007026	0.00010909	0.00027185	0.00096102	0.00042843	0.00052552	0.00117217	0.00016729	0.00229507	0.00475865	0.00116666	0.00044182	0.00022157	0.00053294	0.00101939	0.00135815	
  0.12000000	0.01456197	0.01565428	0.02944265	0.11506446	0.20700657	0.44864535	0.14880522	0.00497364	0.00007223	0.00011163	0.00028288	0.00098872	0.00043665	0.00053762	0.00120275	0.00017024	0.00234732	0.00483276	0.00119918	0.00045922	0.00022799	0.00054542	0.00105238	0.00137884	
  0.12200000	0.01473803	0.01596317	0.03048228	0.11703324	0.20674917	0.44361922	0.15020084	0.00502197	0.00007422	0.00011419	0.00029418	0.00101656	0.00044489	0.00054977	0.00123336	0.00017319	0.00239926	0.00490606	0.00123211	0.00047692	0.00023444	0.00055796	0.00108551	0.00139948	
  0.12400000	0.01491196	0.01626982	0.03153484	0.11897101	0.20644037	0.43871057	0.15155277	0.00507005	0.00007620	0.00011676	0.00030575	0.00104452	0.00045314	0.00056197	0.00126400	0.00017614	0.00245087	0.00497856	0.00126545	0.00049492	0.00024092	0.00057055	0.00111875	0.00142006	
  0.12600000	0.01508387	0.01657422	0.03260006	0.12087780	0.20608339	0.43391526	0.15286218	0.00511789	0.00007820	0.00011935	0.00031760	0.00107261	0.00046141	0.00057423	0.00129465	0.00017910	0.00250217	0.00505028	0.00129920	0.00051321	0.00024744	0.00058319	0.00115210	0.00144058	
  0.12800000	0.01525385	0.01687634	0.03367767	0.12275367	0.20568120	0.42922929	0.15413022	0.00516550	0.00008021	0.00012195	0.00032971	0.00110082	0.00046969	0.00058654	0.00132530	0.00018206	0.00255314	0.00512123	0.00133334	0.00053179	0.00025400	0.00059589	0.00118555	0.00146104	
  0.13000000	0.01542197	0.01717617	0.03476740	0.12459868	0.20523672	0.42464879	0.15535800	0.00521288	0.00008222	0.00012457	0.00034209	0.00112914	0.00047799	0.00059889	0.00135595	0.00018503	0.00260379	0.00519142	0.00136788	0.00055065	0.00026059	0.00060865	0.00121907	0.00148144	
  0.13200000	0.01558833	0.01747371	0.03586897	0.12641288	0.20475262	0.42017016	0.15654662	0.00526004	0.00008425	0.00012721	0.00035475	0.00115756	0.00048631	0.00061130	0.00138660	0.00018800	0.00265412	0.00526086	0.00140281	0.00056978	0.00026721	0.00062146	0.00125267	0.00150178	
  0.13400000	0.01575301	0.01776894	0.03698209	0.12819634	0.20423152	0.41578990	0.15769716	0.00530697	0.00008628	0.00012986	0.00036768	0.00118608	0.00049464	0.00062376	0.00141722	0.00019098	0.00270412	0.00532956	0.00143813	0.00058919	0.00027387	0.00063432	0.00128633	0.00152205	
  0.13600000	0.01591606	0.01806188	0.03810652	0.12994915	0.20367584	0.41150466	0.15881062	0.00535367	0.00008832	0.00013253	0.00038089	0.00121470	0.00050299	0.00063627	0.00144783	0.00019395	0.00275380	0.00539755	0.00147384	0.00060887	0.00028055	0.00064723	0.00132004	0.00154225	
  0.13800000	0.01607756	0.01835252	0.03924195	0.13167138	0.20308790	0.40731129	0.15988800	0.00540015	0.00009038	0.00013522	0.00039437	0.00124340	0.00051135	0.00064883	0.00147842	0.00019693	0.00280316	0.00546482	0.00150992	0.00062881	0.00028727	0.00066019	0.00135380	0.00156239	
  0.14000000	0.01623757	0.01864087	0.04038812	0.13336316	0.20246990	0.40320671	0.16093031	0.00544640	0.00009244	0.00013792	0.00040813	0.00127219	0.00051974	0.00066144	0.00150896	0.00019991	0.00285220	0.00553139	0.00154639	0.00064901	0.00029403	0.00067320	0.00138758	0.00158245	
  0.14200000	0.01639615	0.01892695	0.04154475	0.13502458	0.20182395	0.39918801	0.16193846	0.00549242	0.00009451	0.00014064	0.00042216	0.00130105	0.00052814	0.00067410	0.00153948	0.00020289	0.00290091	0.00559727	0.00158323	0.00066947	0.00030081	0.00068626	0.00142140	0.00160244	
  0.14400000	0.01655335	0.01921077	0.04271154	0.13665576	0.20115200	0.39525244	0.16291337	0.00553821	0.00009659	0.00014337	0.00043647	0.00132999	0.00053656	0.00068680	0.00156995	0.00020587	0.00294930	0.00566247	0.00162044	0.00069017	0.00030763	0.00069938	0.00145522	0.00162235	
  0.14600000	0.01670923	0.01949234	0.04388824	0.13825685	0.20045593	0.39139730	0.16385594	0.00558377	0.00009868	0.00014613	0.00045106	0.00135900	0.00054499	0.00069956	0.00160037	0.00020884	0.00299737	0.00572701	0.00165803	0.00071112	0.00031448	0.00071254	0.00148906	0.00164219	
  0.14800000	0.01686382	0.01977168	0.04507454	0.13982797	0.19973752	0.38762006	0.16476703	0.00562910	0.00010078	0.00014889	0.00046592	0.00138808	0.00055344	0.00071237	0.00163074	0.00021182	0.00304512	0.00579089	0.00169598	0.00073231	0.00032136	0.00072575	0.00152290	0.00166194	
  0.15000000	0.01701718	0.02004882	0.04627016	0.14136931	0.19899847	0.38391829	0.16564745	0.00567419	0.00010289	0.00015168	0.00048107	0.00141722	0.00056190	0.00072522	0.00166106	0.00021480	0.00309255	0.00585413	0.00173429	0.00075373	0.00032827	0.00073900	0.00155673	0.00168162	
  0.15200000	0.01716935	0.02032377	0.04747481	0.14288104	0.19824035	0.38028964	0.16649802	0.00571904	0.00010500	0.00015448	0.00049648	0.00144641	0.00057039	0.00073812	0.00169131	0.00021778	0.00313965	0.00591674	0.00177296	0.00077539	0.00033521	0.00075230	0.00159055	0.00170121	
  0.15400000	0.01732037	0.02059655	0.04868822	0.14436333	0.19746469	0.37673187	0.16731952	0.00576365	0.00010713	0.00015730	0.00051218	0.00147566	0.00057888	0.00075107	0.00172150	0.00022075	0.00318644	0.00597872	0.00181200	0.00079726	0.00034218	0.00076565	0.00162435	0.00172071	
  0.15600000	0.01747026	0.02086720	0.04991008	0.14581639	0.19667292	0.37324286	0.16811271	0.00580803	0.00010927	0.00016014	0.00052815	0.00150496	0.00058739	0.00076407	0.00175163	0.00022373	0.00323290	0.00604009	0.00185138	0.00081936	0.00034918	0.00077905	0.00165812	0.00174013	
  0.15800000	0.01761907	0.02113573	0.05114011	0.14724042	0.19586639	0.36982054	0.16887832	0.00585216	0.00011142	0.00016299	0.00054441	0.00153430	0.00059592	0.00077711	0.00178168	0.00022670	0.00327905	0.00610086	0.00189111	0.00084168	0.00035622	0.00079249	0.00169186	0.00175946	
  0.16000000	0.01776683	0.02140218	0.05237803	0.14863566	0.19504637	0.36646295	0.16961707	0.00589605	0.00011358	0.00016586	0.00056093	0.00156369	0.00060446	0.00079020	0.00181166	0.00022967	0.00332488	0.00616104	0.00193119	0.00086420	0.00036328	0.00080597	0.00172556	0.00177871	
  0.16200000	0.01791356	0.02166657	0.05362354	0.15000232	0.19421409	0.36316818	0.17032963	0.00593970	0.00011575	0.00016875	0.00057774	0.00159311	0.00061302	0.00080334	0.00184156	0.00023263	0.00337038	0.00622064	0.00197161	0.00088693	0.00037038	0.00081949	0.00175921	0.00179786	
  0.16400000	0.01805929	0.02192893	0.05487636	0.15134066	0.19337068	0.35993445	0.17101668	0.00598311	0.00011793	0.00017165	0.00059482	0.00162257	0.00062158	0.00081652	0.00187138	0.00023560	0.00341557	0.00627966	0.00201237	0.00090987	0.00037750	0.00083306	0.00179282	0.00181693	
  0.16600000	0.01820405	0.02218929	0.05613619	0.15265095	0.19251725	0.35676000	0.17167886	0.00602628	0.00012012	0.00017457	0.00061217	0.00165206	0.00063017	0.00082974	0.00190112	0.00023856	0.00346044	0.00633812	0.00205346	0.00093300	0.00038466	0.00084667	0.00182636	0.00183590	
  0.16800000	0.01834786	0.02244768	0.05740277	0.15393345	0.19165479	0.35364312	0.17231679	0.00606921	0.00012232	0.00017752	0.00062981	0.00168158	0.00063876	0.00084301	0.00193078	0.00024151	0.00350500	0.00639603	0.00209489	0.00095632	0.00039185	0.00086032	0.00185985	0.00185479	
  0.17000000	0.01849074	0.02270413	0.05867579	0.15518844	0.19078428	0.35058227	0.17293109	0.00611190	0.00012453	0.00018047	0.00064771	0.00171113	0.00064737	0.00085632	0.00196034	0.00024447	0.00354923	0.00645339	0.00213663	0.00097983	0.00039907	0.00087402	0.00189328	0.00187358	
  0.17200000	0.01863272	0.02295866	0.05995498	0.15641621	0.18990663	0.34757584	0.17352235	0.00615435	0.00012676	0.00018345	0.00066589	0.00174069	0.00065600	0.00086967	0.00198982	0.00024742	0.00359315	0.00651022	0.00217870	0.00100352	0.00040631	0.00088775	0.00192663	0.00189227	
  0.17400000	0.01877382	0.02321132	0.06124006	0.15761705	0.18902270	0.34462240	0.17409113	0.00619656	0.00012899	0.00018644	0.00068434	0.00177028	0.00066463	0.00088306	0.00201920	0.00025037	0.00363676	0.00656652	0.00222109	0.00102740	0.00041359	0.00090152	0.00195991	0.00191088	
  0.17600000	0.01891404	0.02346211	0.06253075	0.15879127	0.18813330	0.34172049	0.17463800	0.00623853	0.00013123	0.00018945	0.00070307	0.00179988	0.00067328	0.00089650	0.00204849	0.00025331	0.00368005	0.00662230	0.00226379	0.00105144	0.00042090	0.00091533	0.00199311	0.00192939	
  0.17800000	0.01905342	0.02371109	0.06382677	0.15993918	0.18723918	0.33886871	0.17516348	0.00628027	0.00013349	0.00019249	0.00072207	0.00182949	0.00068194	0.00090997	0.00207768	0.00025625	0.00372303	0.00667757	0.00230679	0.00107566	0.00042824	0.00092917	0.00202622	0.00194781	
  0.18000000	0.01919197	0.02395827	0.06512786	0.16106112	0.18634111	0.33606577	0.17566809	0.00632177	0.00013575	0.00019553	0.00074133	0.00185911	0.00069062	0.00092349	0.00210677	0.00025919	0.00376569	0.00673234	0.00235011	0.00110004	0.00043561	0.00094305	0.00205925	0.00196614	
  0.18200000	0.01932970	0.02420369	0.06643374	0.16215740	0.18543971	0.33331037	0.17615236	0.00636304	0.00013803	0.00019860	0.00076087	0.00188875	0.00069931	0.00093704	0.00213576	0.00026212	0.00380804	0.00678662	0.00239372	0.00112459	0.00044302	0.00095697	0.00209219	0.00198437	
  0.18400000	0.01946662	0.02444737	0.06774415	0.16322835	0.18453564	0.33060127	0.17661676	0.00640408	0.00014031	0.00020169	0.00078068	0.00191838	0.00070801	0.00095063	0.00216465	0.00026505	0.00385008	0.00684041	0.00243763	0.00114929	0.00045045	0.00097092	0.00212504	0.00200251	
  0.18600000	0.01960276	0.02468934	0.06905882	0.16427431	0.18362950	0.32793730	0.17706178	0.00644489	0.00014261	0.00020479	0.00080075	0.00194802	0.00071673	0.00096426	0.00219344	0.00026798	0.00389181	0.00689373	0.00248183	0.00117415	0.00045791	0.00098491	0.00215778	0.00202056	
  0.18800000	0.01973813	0.02492964	0.07037751	0.16529563	0.18272185	0.32531732	0.17748788	0.00648547	0.00014492	0.00020791	0.00082109	0.00197765	0.00072546	0.00097793	0.00222212	0.00027090	0.00393323	0.00694657	0.00252632	0.00119916	0.00046541	0.00099893	0.00219043	0.00203852	
  0.19000000	0.01987273	0.02516828	0.07169994	0.16629264	0.18181324	0.32274020	0.17789552	0.00652583	0.00014724	0.00021106	0.00084169	0.00200729	0.00073420	0.00099163	0.00225070	0.00027382	0.00397435	0.00699896	0.00257110	0.00122431	0.00047293	0.00101299	0.00222297	0.00205638	
  0.19200000	0.02000659	0.02540530	0.07302587	0.16726571	0.18090414	0.32020488	0.17828512	0.00656597	0.00014957	0.00021422	0.00086256	0.00203692	0.00074296	0.00100537	0.00227916	0.00027673	0.00401516	0.00705088	0.00261615	0.00124961	0.00048049	0.00102707	0.00225541	0.00207415	
  0.19400000	0.02013970	0.02564073	0.07435506	0.16821517	0.17999505	0.31771034	0.17865713	0.00660588	0.00015191	0.00021740	0.00088370	0.00206654	0.00075173	0.00101914	0.00230752	0.00027964	0.00405566	0.00710236	0.00266148	0.00127504	0.00048807	0.00104119	0.00228773	0.00209182	
  0.19600000	0.02027210	0.02587458	0.07568726	0.16914138	0.17908637	0.31525555	0.17901196	0.00664558	0.00015427	0.00022060	0.00090509	0.00209615	0.00076051	0.00103295	0.00233577	0.00028255	0.00409586	0.00715339	0.00270709	0.00130061	0.00049569	0.00105534	0.00231995	0.00210941	
  0.19800000	0.02040377	0.02610688	0.07702222	0.17004471	0.17817855	0.31283960	0.17934999	0.00668506	0.00015663	0.00022381	0.00092675	0.00212575	0.00076931	0.00104679	0.00236390	0.00028545	0.00413576	0.00720399	0.00275296	0.00132630	0.00050334	0.00106951	0.00235205	0.00212690	
  0.20000000	0.02053475	0.02633767	0.07835974	0.17092550	0.17727195	0.31046149	0.17967165	0.00672432	0.00015901	0.00022705	0.00094866	0.00215533	0.00077812	0.00106066	0.00239193	0.00028834	0.00417535	0.00725417	0.00279910	0.00135213	0.00051102	0.00108372	0.00238403	0.00214430	
  0.20200000	0.02066503	0.02656696	0.07969955	0.17178410	0.17636696	0.30812037	0.17997731	0.00676337	0.00016140	0.00023031	0.00097084	0.00218490	0.00078695	0.00107457	0.00241984	0.00029124	0.00421465	0.00730391	0.00284550	0.00137808	0.00051873	0.00109796	0.00241589	0.00216161	
  0.20400000	0.02079463	0.02679478	0.08104145	0.17262089	0.17546389	0.30581534	0.18026733	0.00680221	0.00016379	0.00023359	0.00099327	0.00221445	0.00079579	0.00108850	0.00244763	0.00029413	0.00425365	0.00735325	0.00289216	0.00140415	0.00052647	0.00111222	0.00244763	0.00217883	
  0.20600000	0.02092355	0.02702115	0.08238520	0.17343619	0.17456307	0.30354556	0.18054210	0.00684084	0.00016620	0.00023688	0.00101595	0.00224399	0.00080464	0.00110247	0.00247531	0.00029701	0.00429236	0.00740217	0.00293907	0.00143033	0.00053424	0.00112651	0.00247925	0.00219596	
  0.20800000	0.02105181	0.02724609	0.08373061	0.17423040	0.17366479	0.30131024	0.18080194	0.00687927	0.00016863	0.00024020	0.00103889	0.00227350	0.00081350	0.00111646	0.00250288	0.00029990	0.00433077	0.00745069	0.00298624	0.00145663	0.00054204	0.00114082	0.00251074	0.00221299	
  0.21000000	0.02117941	0.02746964	0.08507744	0.17500384	0.17276934	0.29910854	0.18104722	0.00691749	0.00017106	0.00024354	0.00106208	0.00230298	0.00082239	0.00113049	0.00253032	0.00030277	0.00436889	0.00749881	0.00303365	0.00148303	0.00054987	0.00115517	0.00254210	0.00222994	
  0.21200000	0.02130637	0.02769180	0.08642550	0.17575687	0.17187697	0.29693973	0.18127827	0.00695551	0.00017350	0.00024689	0.00108553	0.00233245	0.00083128	0.00114454	0.00255765	0.00030565	0.00440672	0.00754654	0.00308130	0.00150955	0.00055773	0.00116953	0.00257333	0.00224680	
  0.21400000	0.02143268	0.02791261	0.08777457	0.17648984	0.17098792	0.29480305	0.18149543	0.00699333	0.00017596	0.00025027	0.00110922	0.00236188	0.00084019	0.00115862	0.00258487	0.00030852	0.00444426	0.00759387	0.00312920	0.00153616	0.00056562	0.00118392	0.00260444	0.00226357	
  0.21600000	0.02155837	0.02813208	0.08912446	0.17720312	0.17010242	0.29269779	0.18169901	0.00703095	0.00017843	0.00025367	0.00113316	0.00239129	0.00084911	0.00117272	0.00261196	0.00031138	0.00448152	0.00764083	0.00317733	0.00156288	0.00057354	0.00119833	0.00263541	0.00228025	
  0.21800000	0.02168343	0.02835023	0.09047499	0.17789702	0.16922067	0.29062325	0.18188931	0.00706838	0.00018091	0.00025708	0.00115735	0.00242067	0.00085804	0.00118686	0.00263893	0.00031424	0.00451849	0.00768741	0.00322570	0.00158969	0.00058149	0.00121277	0.00266624	0.00229684	
  0.22000000	0.02180788	0.02856708	0.09182595	0.17857189	0.16834287	0.28857875	0.18206666	0.00710561	0.00018340	0.00026052	0.00118179	0.00245002	0.00086699	0.00120101	0.00266579	0.00031710	0.00455518	0.00773362	0.00327430	0.00161660	0.00058947	0.00122723	0.00269695	0.00231334	
  0.22200000	0.02193172	0.02878266	0.09317715	0.17922811	0.16746922	0.28656363	0.18223135	0.00714265	0.00018590	0.00026398	0.00120647	0.00247933	0.00087595	0.00121519	0.00269252	0.00031995	0.00459159	0.00777947	0.00332312	0.00164360	0.00059747	0.00124171	0.00272751	0.00232976	
  0.22400000	0.02205497	0.02899697	0.09452842	0.17986597	0.16659987	0.28457725	0.18238366	0.00717950	0.00018842	0.00026746	0.00123139	0.00250861	0.00088493	0.00122940	0.00271914	0.00032280	0.00462772	0.00782495	0.00337217	0.00167068	0.00060551	0.00125621	0.00275794	0.00234609	
  0.22600000	0.02217762	0.02921005	0.09587958	0.18048583	0.16573496	0.28261900	0.18252388	0.00721616	0.00019094	0.00027095	0.00125655	0.00253786	0.00089392	0.00124363	0.00274563	0.00032565	0.00466357	0.00787007	0.00342144	0.00169785	0.00061357	0.00127072	0.00278823	0.00236233	
  0.22800000	0.02229969	0.02942191	0.09723046	0.18108800	0.16487466	0.28068826	0.18265228	0.00725263	0.00019348	0.00027447	0.00128195	0.00256707	0.00090292	0.00125788	0.00277200	0.00032849	0.00469915	0.00791485	0.00347093	0.00172511	0.00062167	0.00128526	0.00281838	0.00237849	
  0.23000000	0.02242118	0.02963256	0.09858088	0.18167283	0.16401909	0.27878445	0.18276915	0.00728892	0.00019603	0.00027801	0.00130759	0.00259625	0.00091193	0.00127215	0.00279826	0.00033132	0.00473446	0.00795927	0.00352063	0.00175244	0.00062979	0.00129982	0.00284839	0.00239456	
  0.23200000	0.02254210	0.02984202	0.09993068	0.18224064	0.16316839	0.27690706	0.18287472	0.00732502	0.00019860	0.00028157	0.00133347	0.00262538	0.00092096	0.00128645	0.00282439	0.00033416	0.00476950	0.00800336	0.00357054	0.00177985	0.00063794	0.00131439	0.00287826	0.00241055	
  0.23400000	0.02266246	0.03005031	0.10127971	0.18279174	0.16232264	0.27505547	0.18296929	0.00736095	0.00020117	0.00028515	0.00135958	0.00265448	0.00093000	0.00130076	0.00285039	0.00033698	0.00480428	0.00804710	0.00362066	0.00180733	0.00064611	0.00132899	0.00290799	0.00242645	
  0.23600000	0.02278226	0.03025745	0.10262778	0.18332645	0.16148198	0.27322915	0.18305308	0.00739669	0.00020376	0.00028876	0.00138593	0.00268353	0.00093905	0.00131509	0.00287628	0.00033981	0.00483879	0.00809051	0.00367099	0.00183489	0.00065432	0.00134359	0.00293757	0.00244227	
  0.23800000	0.02290151	0.03046345	0.10397477	0.18384507	0.16064647	0.27142763	0.18312636	0.00743226	0.00020636	0.00029238	0.00141251	0.00271255	0.00094812	0.00132945	0.00290205	0.00034263	0.00487304	0.00813359	0.00372152	0.00186251	0.00066255	0.00135822	0.00296702	0.00245800	
  0.24000000	0.02302022	0.03066833	0.10532053	0.18434794	0.15981622	0.26965037	0.18318935	0.00746764	0.00020897	0.00029602	0.00143932	0.00274152	0.00095719	0.00134382	0.00292769	0.00034545	0.00490702	0.00817634	0.00377225	0.00189020	0.00067081	0.00137285	0.00299631	0.00247365	
  0.24200000	0.02313839	0.03087210	0.10666489	0.18483533	0.15899131	0.26789686	0.18324229	0.00750286	0.00021159	0.00029969	0.00146636	0.00277045	0.00096628	0.00135821	0.00295321	0.00034826	0.00494075	0.00821878	0.00382317	0.00191795	0.00067909	0.00138751	0.00302547	0.00248922	
  0.24400000	0.02325603	0.03107478	0.10800772	0.18530756	0.15817179	0.26616666	0.18328542	0.00753790	0.00021423	0.00030337	0.00149362	0.00279934	0.00097538	0.00137262	0.00297861	0.00035107	0.00497422	0.00826089	0.00387429	0.00194577	0.00068740	0.00140217	0.00305448	0.00250470	
  0.24600000	0.02337314	0.03127637	0.10934888	0.18576492	0.15735774	0.26445928	0.18331896	0.00757277	0.00021688	0.00030708	0.00152111	0.00282818	0.00098449	0.00138704	0.00300389	0.00035387	0.00500744	0.00830269	0.00392560	0.00197364	0.00069573	0.00141685	0.00308334	0.00252010	
  0.24800000	0.02348973	0.03147691	0.11068824	0.18620770	0.15654922	0.26277429	0.18334313	0.00760747	0.00021954	0.00031080	0.00154883	0.00285697	0.00099361	0.00140148	0.00302905	0.00035667	0.00504041	0.00834418	0.00397710	0.00200157	0.00070409	0.00143155	0.00311206	0.00253542	
  0.25000000	0.02360581	0.03167639	0.11202566	0.18663619	0.15574625	0.26111123	0.18335813	0.00764200	0.00022221	0.00031455	0.00157676	0.00288572	0.00100274	0.00141593	0.00305408	0.00035947	0.00507313	0.00838536	0.00402878	0.00202956	0.00071248	0.00144625	0.00314064	0.00255066	
  0.25200000	0.02372138	0.03187484	0.11336102	0.18705067	0.15494892	0.25946966	0.18336420	0.00767636	0.00022490	0.00031832	0.00160492	0.00291442	0.00101188	0.00143040	0.00307900	0.00036226	0.00510561	0.00842625	0.00408064	0.00205759	0.00072089	0.00146097	0.00316907	0.00256582	
  0.25400000	0.02383645	0.03207226	0.11469419	0.18745141	0.15415725	0.25784922	0.18336153	0.00771056	0.00022760	0.00032211	0.00163330	0.00294308	0.00102104	0.00144488	0.00310379	0.00036505	0.00513784	0.00846683	0.00413268	0.00208568	0.00072932	0.00147569	0.00319735	0.00258090	
  0.25600000	0.02395103	0.03226867	0.11602505	0.18783870	0.15337127	0.25624943	0.18335031	0.00774459	0.00023031	0.00032593	0.00166189	0.00297168	0.00103020	0.00145938	0.00312846	0.00036784	0.00516982	0.00850711	0.00418490	0.00211381	0.00073778	0.00149043	0.00322549	0.00259590	
  0.25800000	0.02406511	0.03246408	0.11735348	0.18821281	0.15259100	0.25466996	0.18333077	0.00777846	0.00023303	0.00032976	0.00169071	0.00300024	0.00103937	0.00147389	0.00315302	0.00037062	0.00520157	0.00854711	0.00423730	0.00214199	0.00074626	0.00150518	0.00325349	0.00261082	
  0.26000000	0.02417870	0.03265851	0.11867937	0.18857399	0.15181650	0.25311038	0.18330307	0.00781216	0.00023577	0.00033361	0.00171973	0.00302875	0.00104855	0.00148841	0.00317745	0.00037340	0.00523308	0.00858681	0.00428986	0.00217021	0.00075477	0.00151993	0.00328133	0.00262566	
  0.26200000	0.02429182	0.03285196	0.12000260	0.18892252	0.15104775	0.25157034	0.18326741	0.00784571	0.00023851	0.00033749	0.00174897	0.00305720	0.00105775	0.00150294	0.00320176	0.00037617	0.00526436	0.00862623	0.00434260	0.00219848	0.00076329	0.00153469	0.00330904	0.00264042	
  0.26400000	0.02440446	0.03304445	0.12132306	0.18925865	0.15028480	0.25004944	0.18322399	0.00787910	0.00024128	0.00034139	0.00177842	0.00308561	0.00106695	0.00151748	0.00322595	0.00037894	0.00529540	0.00866537	0.00439550	0.00222678	0.00077184	0.00154946	0.00333659	0.00265511	
  0.26600000	0.02451663	0.03323599	0.12264065	0.18958262	0.14952762	0.24854738	0.18317297	0.00791233	0.00024405	0.00034530	0.00180808	0.00311396	0.00107615	0.00153203	0.00325002	0.00038171	0.00532621	0.00870423	0.00444856	0.00225512	0.00078042	0.00156424	0.00336401	0.00266971	
  0.26800000	0.02462833	0.03342659	0.12395527	0.18989471	0.14877626	0.24706377	0.18311453	0.00794540	0.00024684	0.00034925	0.00183795	0.00314226	0.00108537	0.00154660	0.00327397	0.00038447	0.00535680	0.00874281	0.00450179	0.00228350	0.00078901	0.00157903	0.00339127	0.00268424	
  0.27000000	0.02473957	0.03361626	0.12526682	0.19019513	0.14803070	0.24559829	0.18304886	0.00797832	0.00024963	0.00035321	0.00186802	0.00317051	0.00109460	0.00156117	0.00329780	0.00038723	0.00538716	0.00878112	0.00455517	0.00231191	0.00079762	0.00159382	0.00341839	0.00269870	
  0.27200000	0.02485036	0.03380501	0.12657520	0.19048414	0.14729095	0.24415059	0.18297611	0.00801109	0.00025245	0.00035719	0.00189830	0.00319871	0.00110383	0.00157575	0.00332152	0.00038998	0.00541729	0.00881916	0.00460871	0.00234035	0.00080626	0.00160861	0.00344537	0.00271307	
  0.27400000	0.02496069	0.03399285	0.12788031	0.19076198	0.14655700	0.24272038	0.18289645	0.00804370	0.00025527	0.00036119	0.00192878	0.00322685	0.00111307	0.00159034	0.00334511	0.00039273	0.00544720	0.00885694	0.00466241	0.00236882	0.00081492	0.00162341	0.00347221	0.00272737	
  0.27600000	0.02507058	0.03417980	0.12918207	0.19102886	0.14582887	0.24130732	0.18281005	0.00807616	0.00025811	0.00036522	0.00195947	0.00325494	0.00112232	0.00160493	0.00336859	0.00039548	0.00547690	0.00889445	0.00471625	0.00239731	0.00082359	0.00163822	0.00349889	0.00274160	
  0.27800000	0.02518002	0.03436586	0.13048038	0.19128504	0.14510652	0.23991111	0.18271708	0.00810848	0.00026096	0.00036927	0.00199035	0.00328298	0.00113158	0.00161954	0.00339195	0.00039822	0.00550637	0.00893170	0.00477025	0.00242584	0.00083229	0.00165303	0.00352544	0.00275575	
  0.28000000	0.02528903	0.03455104	0.13177514	0.19153073	0.14438996	0.23853146	0.18261768	0.00814064	0.00026382	0.00037334	0.00202143	0.00331096	0.00114084	0.00163414	0.00341519	0.00040096	0.00553564	0.00896869	0.00482439	0.00245439	0.00084100	0.00166784	0.00355184	0.00276983	
  0.28200000	0.02539760	0.03473536	0.13306631	0.19176616	0.14367916	0.23716806	0.18251200	0.00817265	0.00026670	0.00037743	0.00205271	0.00333888	0.00115011	0.00164876	0.00343832	0.00040370	0.00556468	0.00900543	0.00487867	0.00248296	0.00084974	0.00168265	0.00357810	0.00278383	
  0.28400000	0.02550575	0.03491882	0.13435377	0.19199152	0.14297412	0.23582065	0.18240021	0.00820452	0.00026959	0.00038154	0.00208419	0.00336676	0.00115938	0.00166338	0.00346133	0.00040643	0.00559352	0.00904191	0.00493310	0.00251155	0.00085849	0.00169747	0.00360422	0.00279776	
