  0.00000000	0.00000000	0.00000000	0.00000000	0.00000000	0.00000000	0.00000000	0.00000000	1.00000000	0.00000000	0.00000000	0.00000000	0.00000000	0.00000000	0.00000000	0.00000000	0.00000000	0.00000000	0.00000000	0.00000000	0.00000000	0.00000000	0.00000000	0.00000000	0.00000000	
  0.00166667	0.00004352	0.00000107	0.00000005	0.00000014	0.00000077	0.00000526	0.00000747	0.99993261	0.00000000	0.00000004	0.00000022	0.00000012	0.00000158	0.00000095	0.00000267	0.00000128	0.00000000	0.00000005	0.00000006	0.00000006	0.00000017	0.00000010	0.00000052	0.00000128	
  0.00333333	0.00017394	0.00000434	0.00000019	0.00000057	0.00000309	0.00002100	0.00002985	0.99973066	0.00000000	0.00000014	0.00000089	0.00000048	0.00000631	0.00000379	0.00001066	0.00000511	0.00000000	0.00000019	0.00000025	0.00000025	0.00000067	0.00000039	0.00000209	0.00000511	
  0.00500000	0.00039031	0.00001007	0.00000045	0.00000131	0.00000696	0.00004701	0.00006693	0.99939544	0.00000001	0.00000032	0.00000199	0.00000109	0.00001416	0.00000846	0.00002389	0.00001148	0.00000001	0.00000044	0.00000057	0.00000057	0.00000150	0.00000088	0.00000467	0.00001148	
  0.00666667	0.00069115	0.00001871	0.00000082	0.00000238	0.00001236	0.00008294	0.00011840	0.99892896	0.00000002	0.00000057	0.00000352	0.00000198	0.00002509	0.00001490	0.00004223	0.00002036	0.00000002	0.00000078	0.00000101	0.00000102	0.00000265	0.00000154	0.00000825	0.00002036	
  0.00833333	0.00107446	0.00003086	0.00000133	0.00000384	0.00001930	0.00012831	0.00018382	0.99833396	0.00000005	0.00000090	0.00000546	0.00000316	0.00003902	0.00002299	0.00006548	0.00003169	0.00000003	0.00000121	0.00000157	0.00000161	0.00000412	0.00000237	0.00001279	0.00003169	
  0.01000000	0.00153776	0.00004730	0.00000200	0.00000573	0.00002775	0.00018257	0.00026262	0.99761379	0.00000009	0.00000130	0.00000780	0.00000468	0.00005587	0.00003260	0.00009341	0.00004544	0.00000004	0.00000175	0.00000226	0.00000233	0.00000590	0.00000335	0.00001823	0.00004544	
  0.01166667	0.00207812	0.00006895	0.00000286	0.00000813	0.00003772	0.00024503	0.00035415	0.99677240	0.00000014	0.00000178	0.00001051	0.00000657	0.00007554	0.00004359	0.00012574	0.00006154	0.00000007	0.00000239	0.00000307	0.00000321	0.00000798	0.00000445	0.00002451	0.00006154	
  0.01333333	0.00269223	0.00009687	0.00000394	0.00001110	0.00004918	0.00031497	0.00045766	0.99581423	0.00000022	0.00000233	0.00001358	0.00000890	0.00009791	0.00005580	0.00016217	0.00007993	0.00000009	0.00000313	0.00000400	0.00000424	0.00001035	0.00000566	0.00003158	0.00007993	
  0.01500000	0.00337643	0.00013221	0.00000529	0.00001472	0.00006211	0.00039158	0.00057231	0.99474416	0.00000033	0.00000297	0.00001697	0.00001171	0.00012287	0.00006905	0.00020232	0.00010053	0.00000013	0.00000398	0.00000505	0.00000543	0.00001298	0.00000695	0.00003935	0.00010053	
  0.01666667	0.00412677	0.00017627	0.00000695	0.00001910	0.00007649	0.00047404	0.00069717	0.99356744	0.00000048	0.00000370	0.00002066	0.00001508	0.00015028	0.00008318	0.00024581	0.00012327	0.00000017	0.00000493	0.00000621	0.00000680	0.00001588	0.00000831	0.00004775	0.00012327	
  0.01833333	0.00493902	0.00023039	0.00000896	0.00002431	0.00009226	0.00056150	0.00083126	0.99228963	0.00000067	0.00000451	0.00002463	0.00001907	0.00017997	0.00009802	0.00029224	0.00014805	0.00000022	0.00000599	0.00000748	0.00000835	0.00001902	0.00000971	0.00005669	0.00014805	
  0.02000000	0.00580876	0.00029600	0.00001137	0.00003046	0.00010939	0.00065311	0.00097353	0.99091650	0.00000091	0.00000541	0.00002883	0.00002376	0.00021179	0.00011340	0.00034116	0.00017480	0.00000029	0.00000715	0.00000887	0.00001009	0.00002239	0.00001112	0.00006609	0.00017480	
  0.02166667	0.00673142	0.00037456	0.00001425	0.00003765	0.00012782	0.00074804	0.00112290	0.98945399	0.00000121	0.00000641	0.00003324	0.00002925	0.00024558	0.00012919	0.00039213	0.00020341	0.00000037	0.00000843	0.00001036	0.00001203	0.00002597	0.00001254	0.00007585	0.00020341	
  0.02333333	0.00770230	0.00046757	0.00001765	0.00004596	0.00014748	0.00084548	0.00127826	0.98790814	0.00000157	0.00000749	0.00003783	0.00003561	0.00028116	0.00014523	0.00044468	0.00023381	0.00000046	0.00000981	0.00001195	0.00001417	0.00002973	0.00001394	0.00008589	0.00023381	
  0.02500000	0.00871663	0.00057653	0.00002163	0.00005551	0.00016830	0.00094468	0.00143847	0.98628501	0.00000199	0.00000868	0.00004255	0.00004294	0.00031834	0.00016143	0.00049835	0.00026590	0.00000057	0.00001130	0.00001363	0.00001654	0.00003368	0.00001532	0.00009612	0.00026590	
  0.02666667	0.00976964	0.00070293	0.00002626	0.00006639	0.00019018	0.00104494	0.00160238	0.98459064	0.00000249	0.00000996	0.00004739	0.00005133	0.00035693	0.00017768	0.00055267	0.00029959	0.00000070	0.00001290	0.00001540	0.00001913	0.00003777	0.00001666	0.00010644	0.00029959	
  0.02833333	0.01085656	0.00084823	0.00003160	0.00007868	0.00021303	0.00114563	0.00176886	0.98283098	0.00000306	0.00001134	0.00005230	0.00006088	0.00039676	0.00019392	0.00060720	0.00033478	0.00000085	0.00001461	0.00001726	0.00002196	0.00004200	0.00001796	0.00011677	0.00033478	
  0.03000000	0.01197267	0.00101386	0.00003771	0.00009249	0.00023674	0.00124618	0.00193679	0.98101187	0.00000371	0.00001282	0.00005725	0.00007167	0.00043763	0.00021009	0.00066148	0.00037139	0.00000103	0.00001643	0.00001920	0.00002502	0.00004635	0.00001921	0.00012704	0.00037139	
  0.03166667	0.01311333	0.00120118	0.00004466	0.00010787	0.00026119	0.00134610	0.00210508	0.97913895	0.00000444	0.00001441	0.00006222	0.00008379	0.00047934	0.00022618	0.00071510	0.00040934	0.00000122	0.00001835	0.00002121	0.00002833	0.00005079	0.00002042	0.00013716	0.00040934	
  0.03333333	0.01427404	0.00141149	0.00005252	0.00012492	0.00028627	0.00144500	0.00227267	0.97721769	0.00000526	0.00001609	0.00006717	0.00009734	0.00052171	0.00024219	0.00076764	0.00044853	0.00000145	0.00002038	0.00002328	0.00003189	0.00005531	0.00002159	0.00014706	0.00044853	
  0.03500000	0.01545043	0.00164598	0.00006134	0.00014370	0.00031185	0.00154254	0.00243856	0.97525329	0.00000616	0.00001787	0.00007208	0.00011237	0.00056456	0.00025813	0.00081874	0.00048890	0.00000170	0.00002250	0.00002541	0.00003570	0.00005989	0.00002272	0.00015667	0.00048890	
  0.03666667	0.01663831	0.00190578	0.00007118	0.00016426	0.00033779	0.00163848	0.00260181	0.97325070	0.00000715	0.00001976	0.00007693	0.00012897	0.00060770	0.00027405	0.00086806	0.00053036	0.00000199	0.00002472	0.00002759	0.00003977	0.00006452	0.00002383	0.00016594	0.00053036	
  0.03833333	0.01783367	0.00219190	0.00008210	0.00018666	0.00036398	0.00173263	0.00276154	0.97121457	0.00000823	0.00002173	0.00008168	0.00014719	0.00065096	0.00029001	0.00091529	0.00057285	0.00000231	0.00002703	0.00002981	0.00004408	0.00006916	0.00002493	0.00017481	0.00057285	
  0.04000000	0.01903273	0.00250522	0.00009414	0.00021093	0.00039028	0.00182490	0.00291695	0.96914929	0.00000940	0.00002381	0.00008634	0.00016707	0.00069418	0.00030608	0.00096017	0.00061630	0.00000266	0.00002943	0.00003206	0.00004864	0.00007382	0.00002603	0.00018324	0.00061630	
  0.04166667	0.02023192	0.00284654	0.00010736	0.00023711	0.00041658	0.00191523	0.00306732	0.96705890	0.00001065	0.00002597	0.00009087	0.00018864	0.00073721	0.00032235	0.00100247	0.00066064	0.00000305	0.00003192	0.00003434	0.00005345	0.00007848	0.00002716	0.00019120	0.00066064	
  0.04333333	0.02142790	0.00321651	0.00012178	0.00026520	0.00044275	0.00200363	0.00321201	0.96494717	0.00001199	0.00002822	0.00009527	0.00021194	0.00077990	0.00033890	0.00104201	0.00070582	0.00000348	0.00003448	0.00003665	0.00005850	0.00008312	0.00002831	0.00019865	0.00070582	
  0.04500000	0.02261758	0.00361567	0.00013745	0.00029522	0.00046869	0.00209015	0.00335047	0.96281752	0.00001341	0.00003056	0.00009953	0.00023695	0.00082213	0.00035583	0.00107865	0.00075178	0.00000396	0.00003711	0.00003896	0.00006378	0.00008772	0.00002952	0.00020558	0.00075178	
  0.04666667	0.02379811	0.00404442	0.00015439	0.00032717	0.00049430	0.00217490	0.00348225	0.96067310	0.00001492	0.00003298	0.00010365	0.00026368	0.00086377	0.00037323	0.00111230	0.00079848	0.00000447	0.00003981	0.00004129	0.00006928	0.00009229	0.00003079	0.00021196	0.00079848	
  0.04833333	0.02496691	0.00450304	0.00017262	0.00036103	0.00051950	0.00225799	0.00360696	0.95851674	0.00001651	0.00003547	0.00010762	0.00029209	0.00090472	0.00039121	0.00114291	0.00084586	0.00000504	0.00004256	0.00004361	0.00007499	0.00009680	0.00003214	0.00021780	0.00084587	
  0.05000000	0.02612164	0.00499168	0.00019216	0.00039678	0.00054421	0.00233957	0.00372435	0.95635099	0.00001817	0.00003803	0.00011145	0.00032214	0.00094489	0.00040986	0.00117046	0.00089389	0.00000566	0.00004537	0.00004594	0.00008091	0.00010126	0.00003360	0.00022309	0.00089390	
  0.05166667	0.02726020	0.00551036	0.00021301	0.00043439	0.00056839	0.00241980	0.00383423	0.95417813	0.00001992	0.00004065	0.00011515	0.00035378	0.00098421	0.00042925	0.00119500	0.00094253	0.00000633	0.00004822	0.00004825	0.00008701	0.00010565	0.00003516	0.00022785	0.00094254	
  0.05333333	0.02838075	0.00605899	0.00023518	0.00047381	0.00059199	0.00249885	0.00393649	0.95200016	0.00002174	0.00004334	0.00011871	0.00038695	0.00102262	0.00044946	0.00121657	0.00099174	0.00000705	0.00005112	0.00005056	0.00009328	0.00010997	0.00003684	0.00023208	0.00099175	
  0.05500000	0.02948168	0.00663735	0.00025866	0.00051499	0.00061499	0.00257689	0.00403113	0.94981886	0.00002363	0.00004607	0.00012216	0.00042155	0.00106008	0.00047056	0.00123530	0.00104149	0.00000784	0.00005404	0.00005284	0.00009971	0.00011421	0.00003865	0.00023581	0.00104150	
  0.05666667	0.03056162	0.00724509	0.00028345	0.00055787	0.00063739	0.00265408	0.00411820	0.94763576	0.00002560	0.00004886	0.00012551	0.00045750	0.00109655	0.00049259	0.00125130	0.00109175	0.00000869	0.00005699	0.00005511	0.00010628	0.00011838	0.00004059	0.00023906	0.00109177	
  0.05833333	0.03161943	0.00788177	0.00030954	0.00060239	0.00065918	0.00273058	0.00419785	0.94545219	0.00002763	0.00005168	0.00012877	0.00049470	0.00113202	0.00051560	0.00126474	0.00114250	0.00000960	0.00005996	0.00005736	0.00011298	0.00012248	0.00004268	0.00024186	0.00114251	
  0.06000000	0.03265417	0.00854684	0.00033692	0.00064846	0.00068041	0.00280654	0.00427027	0.94326929	0.00002974	0.00005455	0.00013197	0.00053303	0.00116648	0.00053960	0.00127580	0.00119369	0.00001057	0.00006295	0.00005959	0.00011978	0.00012650	0.00004491	0.00024423	0.00119371	
  0.06166667	0.03366511	0.00923964	0.00036556	0.00069600	0.00070110	0.00288209	0.00433574	0.94108803	0.00003192	0.00005744	0.00013512	0.00057238	0.00119995	0.00056460	0.00128468	0.00124532	0.00001162	0.00006594	0.00006180	0.00012668	0.00013044	0.00004728	0.00024623	0.00124533	
  0.06333333	0.03465174	0.00995943	0.00039544	0.00074494	0.00072131	0.00295733	0.00439457	0.93890921	0.00003416	0.00006036	0.00013825	0.00061262	0.00123244	0.00059061	0.00129159	0.00129735	0.00001274	0.00006893	0.00006398	0.00013366	0.00013431	0.00004980	0.00024787	0.00129736	
  0.06500000	0.03561369	0.01070535	0.00042655	0.00079516	0.00074112	0.00303235	0.00444713	0.93673351	0.00003648	0.00006329	0.00014138	0.00065364	0.00126399	0.00061761	0.00129676	0.00134975	0.00001394	0.00007193	0.00006614	0.00014069	0.00013811	0.00005245	0.00024921	0.00134978	
  0.06666667	0.03655080	0.01147650	0.00045887	0.00084658	0.00076060	0.00310724	0.00449380	0.93456147	0.00003886	0.00006625	0.00014453	0.00069529	0.00129464	0.00064556	0.00130041	0.00140252	0.00001522	0.00007491	0.00006828	0.00014776	0.00014185	0.00005523	0.00025027	0.00140254	
  0.06833333	0.03746306	0.01227187	0.00049238	0.00089910	0.00077984	0.00318205	0.00453502	0.93239354	0.00004131	0.00006921	0.00014773	0.00073747	0.00132444	0.00067444	0.00130278	0.00145562	0.00001658	0.00007789	0.00007040	0.00015487	0.00014553	0.00005814	0.00025110	0.00145565	
  0.07000000	0.03835059	0.01309041	0.00052706	0.00095261	0.00079893	0.00325680	0.00457123	0.93023009	0.00004383	0.00007218	0.00015101	0.00078004	0.00135345	0.00070420	0.00130408	0.00150902	0.00001802	0.00008085	0.00007249	0.00016198	0.00014916	0.00006116	0.00025174	0.00150906	
  0.07166667	0.03921366	0.01393099	0.00056289	0.00100702	0.00081799	0.00333154	0.00460290	0.92807138	0.00004642	0.00007516	0.00015438	0.00082289	0.00138173	0.00073478	0.00130453	0.00156272	0.00001955	0.00008379	0.00007457	0.00016910	0.00015274	0.00006429	0.00025222	0.00156275	
  0.07333333	0.04005267	0.01479244	0.00059987	0.00106222	0.00083711	0.00340625	0.00463048	0.92591766	0.00004908	0.00007814	0.00015787	0.00086590	0.00140934	0.00076613	0.00130436	0.00161667	0.00002117	0.00008672	0.00007664	0.00017620	0.00015628	0.00006752	0.00025259	0.00161671	
  0.07500000	0.04086813	0.01567353	0.00063797	0.00111811	0.00085640	0.00348094	0.00465446	0.92376908	0.00005181	0.00008111	0.00016150	0.00090897	0.00143637	0.00079818	0.00130374	0.00167085	0.00002289	0.00008962	0.00007869	0.00018328	0.00015979	0.00007083	0.00025286	0.00167090	
  0.07666667	0.04166063	0.01657301	0.00067720	0.00117459	0.00087598	0.00355559	0.00467527	0.92162578	0.00005461	0.00008408	0.00016529	0.00095198	0.00146288	0.00083086	0.00130287	0.00172525	0.00002470	0.00009250	0.00008074	0.00019032	0.00016327	0.00007422	0.00025309	0.00172530	
  0.07833333	0.04243088	0.01748957	0.00071755	0.00123156	0.00089595	0.00363018	0.00469337	0.91948788	0.00005749	0.00008704	0.00016927	0.00099486	0.00148894	0.00086412	0.00130191	0.00177982	0.00002660	0.00009536	0.00008278	0.00019731	0.00016674	0.00007768	0.00025328	0.00177988	
  0.08000000	0.04317964	0.01842190	0.00075902	0.00128893	0.00091642	0.00370467	0.00470917	0.91735544	0.00006044	0.00009000	0.00017345	0.00103752	0.00151464	0.00089789	0.00130100	0.00183455	0.00002861	0.00009819	0.00008481	0.00020425	0.00017019	0.00008119	0.00025348	0.00183461	
  0.08166667	0.04390775	0.01936867	0.00080162	0.00134661	0.00093749	0.00377903	0.00472307	0.91522855	0.00006347	0.00009295	0.00017786	0.00107987	0.00154005	0.00093210	0.00130027	0.00188940	0.00003071	0.00010100	0.00008684	0.00021113	0.00017364	0.00008474	0.00025370	0.00188947	
  0.08333333	0.04461610	0.02032852	0.00084536	0.00140452	0.00095925	0.00385324	0.00473545	0.91310728	0.00006657	0.00009589	0.00018249	0.00112186	0.00156524	0.00096669	0.00129983	0.00194435	0.00003292	0.00010379	0.00008888	0.00021794	0.00017710	0.00008833	0.00025396	0.00194442	
  0.08500000	0.04530565	0.02130010	0.00089025	0.00146258	0.00098180	0.00392725	0.00474664	0.91099169	0.00006976	0.00009882	0.00018738	0.00116342	0.00159029	0.00100161	0.00129978	0.00199937	0.00003523	0.00010655	0.00009092	0.00022468	0.00018056	0.00009196	0.00025428	0.00199945	
  0.08666667	0.04597735	0.02228206	0.00093631	0.00152072	0.00100522	0.00400103	0.00475695	0.90888184	0.00007302	0.00010175	0.00019253	0.00120452	0.00161526	0.00103680	0.00130016	0.00205442	0.00003765	0.00010929	0.00009297	0.00023134	0.00018404	0.00009560	0.00025468	0.00205451	
  0.08833333	0.04663223	0.02327306	0.00098355	0.00157886	0.00102957	0.00407456	0.00476665	0.90677783	0.00007636	0.00010467	0.00019795	0.00124510	0.00164022	0.00107222	0.00130105	0.00210948	0.00004018	0.00011202	0.00009503	0.00023793	0.00018754	0.00009926	0.00025515	0.00210957	
  0.09000000	0.04727129	0.02427176	0.00103200	0.00163694	0.00105494	0.00414781	0.00477597	0.90467973	0.00007978	0.00010758	0.00020365	0.00128513	0.00166523	0.00110783	0.00130246	0.00216451	0.00004281	0.00011472	0.00009710	0.00024442	0.00019106	0.00010293	0.00025572	0.00216462	
  0.09166667	0.04789558	0.02527686	0.00108169	0.00169492	0.00108136	0.00422075	0.00478512	0.90258763	0.00008329	0.00011049	0.00020965	0.00132459	0.00169035	0.00114359	0.00130442	0.00221950	0.00004554	0.00011741	0.00009919	0.00025084	0.00019462	0.00010661	0.00025637	0.00221961	
  0.09333333	0.04850614	0.02628706	0.00113264	0.00175274	0.00110889	0.00429339	0.00479426	0.90050166	0.00008687	0.00011340	0.00021594	0.00136347	0.00171564	0.00117947	0.00130693	0.00227440	0.00004839	0.00012009	0.00010130	0.00025717	0.00019822	0.00011030	0.00025713	0.00227452	
  0.09500000	0.04910399	0.02730111	0.00118488	0.00181037	0.00113757	0.00436569	0.00480353	0.89842192	0.00009054	0.00011631	0.00022253	0.00140174	0.00174113	0.00121545	0.00130997	0.00232920	0.00005134	0.00012276	0.00010343	0.00026342	0.00020185	0.00011398	0.00025797	0.00232933	
  0.09666667	0.04969017	0.02831778	0.00123845	0.00186776	0.00116742	0.00443767	0.00481302	0.89634855	0.00009429	0.00011922	0.00022942	0.00143941	0.00176688	0.00125151	0.00131353	0.00238385	0.00005440	0.00012543	0.00010558	0.00026958	0.00020553	0.00011767	0.00025891	0.00238399	
  0.09833333	0.05026567	0.02933589	0.00129338	0.00192489	0.00119846	0.00450931	0.00482280	0.89428170	0.00009812	0.00012213	0.00023662	0.00147647	0.00179293	0.00128763	0.00131756	0.00243834	0.00005756	0.00012808	0.00010776	0.00027565	0.00020925	0.00012135	0.00025994	0.00243849	
  0.10000000	0.05083148	0.03035429	0.00134969	0.00198173	0.00123071	0.00458064	0.00483291	0.89222151	0.00010204	0.00012506	0.00024413	0.00151292	0.00181932	0.00132381	0.00132203	0.00249264	0.00006083	0.00013074	0.00010997	0.00028165	0.00021302	0.00012504	0.00026104	0.00249280	
  0.10166667	0.05138856	0.03137189	0.00140743	0.00203827	0.00126416	0.00465164	0.00484338	0.89016814	0.00010603	0.00012799	0.00025194	0.00154877	0.00184606	0.00136003	0.00132690	0.00254673	0.00006420	0.00013341	0.00011221	0.00028756	0.00021685	0.00012873	0.00026222	0.00254690	
  0.10333333	0.05193783	0.03238763	0.00146661	0.00209449	0.00129882	0.00472235	0.00485419	0.88812177	0.00011011	0.00013094	0.00026006	0.00158403	0.00187320	0.00139630	0.00133212	0.00260058	0.00006768	0.00013607	0.00011447	0.00029339	0.00022072	0.00013242	0.00026346	0.00260076	
  0.10500000	0.05248018	0.03340052	0.00152728	0.00215038	0.00133467	0.00479276	0.00486533	0.88608255	0.00011426	0.00013391	0.00026848	0.00161870	0.00190074	0.00143261	0.00133762	0.00265417	0.00007126	0.00013875	0.00011677	0.00029914	0.00022465	0.00013611	0.00026476	0.00265436	
  0.10666667	0.05301647	0.03440960	0.00158947	0.00220594	0.00137169	0.00486290	0.00487676	0.88405068	0.00011850	0.00013690	0.00027721	0.00165280	0.00192872	0.00146897	0.00134337	0.00270749	0.00007493	0.00014145	0.00011911	0.00030481	0.00022863	0.00013981	0.00026611	0.00270769	
  0.10833333	0.05354749	0.03541400	0.00165319	0.00226117	0.00140987	0.00493278	0.00488842	0.88202630	0.00012281	0.00013991	0.00028622	0.00168635	0.00195713	0.00150537	0.00134931	0.00276051	0.00007870	0.00014416	0.00012147	0.00031040	0.00023267	0.00014351	0.00026750	0.00276073	
  0.11000000	0.05407402	0.03641288	0.00171848	0.00231607	0.00144917	0.00500242	0.00490027	0.88000960	0.00012720	0.00014295	0.00029553	0.00171934	0.00198601	0.00154182	0.00135539	0.00281323	0.00008257	0.00014689	0.00012388	0.00031592	0.00023676	0.00014723	0.00026892	0.00281346	
  0.11166667	0.05459676	0.03740546	0.00178537	0.00237065	0.00148956	0.00507183	0.00491223	0.87800074	0.00013166	0.00014602	0.00030513	0.00175182	0.00201534	0.00157832	0.00136157	0.00286562	0.00008653	0.00014965	0.00012632	0.00032137	0.00024090	0.00015095	0.00027035	0.00286586	
  0.11333333	0.05511639	0.03839103	0.00185386	0.00242491	0.00153100	0.00514103	0.00492425	0.87599988	0.00013619	0.00014912	0.00031501	0.00178377	0.00204513	0.00161488	0.00136779	0.00291768	0.00009057	0.00015243	0.00012879	0.00032675	0.00024510	0.00015469	0.00027180	0.00291794	
  0.11500000	0.05563352	0.03936894	0.00192399	0.00247886	0.00157347	0.00521002	0.00493624	0.87400717	0.00014080	0.00015227	0.00032516	0.00181523	0.00207538	0.00165150	0.00137403	0.00296941	0.00009470	0.00015525	0.00013131	0.00033205	0.00024935	0.00015843	0.00027326	0.00296967	
  0.11666667	0.05614873	0.04033858	0.00199577	0.00253252	0.00161691	0.00527883	0.00494816	0.87202273	0.00014547	0.00015545	0.00033558	0.00184621	0.00210610	0.00168817	0.00138024	0.00302078	0.00009891	0.00015810	0.00013386	0.00033729	0.00025364	0.00016220	0.00027471	0.00302106	
  0.11833333	0.05666252	0.04129943	0.00206922	0.00258590	0.00166129	0.00534744	0.00495993	0.87004671	0.00015021	0.00015868	0.00034627	0.00187672	0.00213726	0.00172490	0.00138641	0.00307180	0.00010320	0.00016099	0.00013645	0.00034246	0.00025799	0.00016598	0.00027616	0.00307210	
  0.12000000	0.05717537	0.04225100	0.00214435	0.00263901	0.00170655	0.00541587	0.00497151	0.86807922	0.00015501	0.00016195	0.00035721	0.00190678	0.00216888	0.00176169	0.00139250	0.00312246	0.00010757	0.00016392	0.00013908	0.00034756	0.00026238	0.00016977	0.00027760	0.00312277	
  0.12166667	0.05768769	0.04319288	0.00222117	0.00269188	0.00175266	0.00548412	0.00498283	0.86612034	0.00015987	0.00016528	0.00036840	0.00193641	0.00220092	0.00179853	0.00139850	0.00317277	0.00011200	0.00016689	0.00014175	0.00035260	0.00026681	0.00017358	0.00027902	0.00317310	
  0.12333333	0.05819984	0.04412469	0.00229969	0.00274452	0.00179957	0.00555219	0.00499386	0.86417017	0.00016480	0.00016867	0.00037983	0.00196562	0.00223339	0.00183543	0.00140439	0.00322272	0.00011651	0.00016992	0.00014446	0.00035757	0.00027129	0.00017740	0.00028042	0.00322306	
  0.12500000	0.05871215	0.04504613	0.00237991	0.00279694	0.00184722	0.00562008	0.00500458	0.86222877	0.00016977	0.00017211	0.00039150	0.00199443	0.00226626	0.00187237	0.00141018	0.00327232	0.00012108	0.00017299	0.00014720	0.00036249	0.00027580	0.00018124	0.00028180	0.00327268	
  0.12666667	0.05922489	0.04595694	0.00246184	0.00284917	0.00189558	0.00568777	0.00501494	0.86029619	0.00017480	0.00017561	0.00040340	0.00202285	0.00229952	0.00190937	0.00141584	0.00332156	0.00012570	0.00017612	0.00014999	0.00036734	0.00028035	0.00018510	0.00028316	0.00332194	
  0.12833333	0.05973828	0.04685692	0.00254549	0.00290123	0.00194459	0.00575527	0.00502495	0.85837247	0.00017989	0.00017917	0.00041552	0.00205091	0.00233315	0.00194640	0.00142140	0.00337046	0.00013039	0.00017931	0.00015281	0.00037214	0.00028493	0.00018897	0.00028450	0.00337085	
  0.13000000	0.06025250	0.04774591	0.00263083	0.00295315	0.00199421	0.00582256	0.00503459	0.85645762	0.00018502	0.00018281	0.00042786	0.00207863	0.00236713	0.00198347	0.00142684	0.00341901	0.00013512	0.00018255	0.00015567	0.00037688	0.00028955	0.00019286	0.00028582	0.00341942	
  0.13166667	0.06076769	0.04862380	0.00271789	0.00300493	0.00204438	0.00588965	0.00504386	0.85455165	0.00019019	0.00018651	0.00044041	0.00210601	0.00240145	0.00202056	0.00143217	0.00346723	0.00013990	0.00018586	0.00015858	0.00038157	0.00029418	0.00019676	0.00028712	0.00346766	
  0.13333333	0.06128394	0.04949051	0.00280665	0.00305661	0.00209508	0.00595651	0.00505279	0.85265454	0.00019541	0.00019028	0.00045316	0.00213308	0.00243607	0.00205768	0.00143742	0.00351512	0.00014473	0.00018923	0.00016152	0.00038620	0.00029884	0.00020067	0.00028840	0.00351556	
  0.13500000	0.06180133	0.05034604	0.00289710	0.00310821	0.00214624	0.00602313	0.00506137	0.85076627	0.00020067	0.00019413	0.00046610	0.00215986	0.00247099	0.00209482	0.00144258	0.00356268	0.00014960	0.00019266	0.00016449	0.00039078	0.00030353	0.00020460	0.00028966	0.00356315	
  0.13666667	0.06231987	0.05119038	0.00298924	0.00315976	0.00219783	0.00608952	0.00506965	0.84888679	0.00020597	0.00019806	0.00047924	0.00218637	0.00250616	0.00213197	0.00144766	0.00360994	0.00015451	0.00019616	0.00016751	0.00039531	0.00030822	0.00020853	0.00029091	0.00361042	
  0.13833333	0.06283955	0.05202360	0.00308306	0.00321128	0.00224980	0.00615566	0.00507766	0.84701605	0.00021130	0.00020206	0.00049257	0.00221262	0.00254158	0.00216912	0.00145270	0.00365688	0.00015945	0.00019974	0.00017056	0.00039980	0.00031294	0.00021249	0.00029215	0.00365739	
  0.14000000	0.06336033	0.05284578	0.00317855	0.00326279	0.00230211	0.00622155	0.00508542	0.84515399	0.00021666	0.00020614	0.00050607	0.00223863	0.00257722	0.00220628	0.00145769	0.00370353	0.00016442	0.00020338	0.00017365	0.00040425	0.00031766	0.00021645	0.00029339	0.00370405	
  0.14166667	0.06388216	0.05365704	0.00327568	0.00331432	0.00235473	0.00628718	0.00509298	0.84330053	0.00022206	0.00021031	0.00051976	0.00226443	0.00261306	0.00224345	0.00146265	0.00374988	0.00016942	0.00020709	0.00017678	0.00040865	0.00032239	0.00022042	0.00029462	0.00375043	
  0.14333333	0.06440492	0.05445751	0.00337446	0.00336591	0.00240760	0.00635255	0.00510039	0.84145558	0.00022749	0.00021456	0.00053361	0.00229003	0.00264906	0.00228061	0.00146761	0.00379596	0.00017444	0.00021088	0.00017994	0.00041301	0.00032712	0.00022441	0.00029584	0.00379652	
  0.14500000	0.06492850	0.05524738	0.00347485	0.00341757	0.00246071	0.00641765	0.00510768	0.83961905	0.00023294	0.00021889	0.00054764	0.00231545	0.00268522	0.00231777	0.00147256	0.00384176	0.00017948	0.00021474	0.00018314	0.00041734	0.00033186	0.00022841	0.00029707	0.00384234	
  0.14666667	0.06545277	0.05602684	0.00357686	0.00346933	0.00251401	0.00648250	0.00511491	0.83779085	0.00023842	0.00022330	0.00056183	0.00234071	0.00272151	0.00235493	0.00147753	0.00388728	0.00018455	0.00021867	0.00018637	0.00042163	0.00033659	0.00023242	0.00029831	0.00388789	
  0.14833333	0.06597756	0.05679610	0.00368045	0.00352123	0.00256747	0.00654708	0.00512212	0.83597087	0.00024392	0.00022780	0.00057618	0.00236582	0.00275790	0.00239209	0.00148253	0.00393255	0.00018963	0.00022268	0.00018965	0.00042589	0.00034132	0.00023645	0.00029955	0.00393318	
  0.15000000	0.06650270	0.05755540	0.00378561	0.00357328	0.00262106	0.00661140	0.00512935	0.83415900	0.00024944	0.00023239	0.00059069	0.00239081	0.00279439	0.00242925	0.00148756	0.00397756	0.00019472	0.00022676	0.00019295	0.00043012	0.00034605	0.00024049	0.00030080	0.00397822	
  0.15166667	0.06702800	0.05830499	0.00389231	0.00362552	0.00267476	0.00667548	0.00513666	0.83235514	0.00025499	0.00023706	0.00060536	0.00241569	0.00283093	0.00246641	0.00149265	0.00402232	0.00019983	0.00023092	0.00019630	0.00043433	0.00035076	0.00024455	0.00030206	0.00402300	
  0.15333333	0.06755326	0.05904513	0.00400055	0.00367796	0.00272853	0.00673931	0.00514409	0.83055916	0.00026056	0.00024181	0.00062018	0.00244047	0.00286753	0.00250358	0.00149779	0.00406683	0.00020495	0.00023515	0.00019968	0.00043851	0.00035547	0.00024862	0.00030334	0.00406753	
  0.15500000	0.06807827	0.05977610	0.00411029	0.00373064	0.00278237	0.00680291	0.00515168	0.82877097	0.00026614	0.00024665	0.00063516	0.00246517	0.00290416	0.00254076	0.00150299	0.00411110	0.00021008	0.00023946	0.00020309	0.00044267	0.00036016	0.00025271	0.00030464	0.00411183	
  0.15666667	0.06860281	0.06049819	0.00422151	0.00378358	0.00283625	0.00686629	0.00515946	0.82699044	0.00027174	0.00025158	0.00065030	0.00248980	0.00294081	0.00257796	0.00150826	0.00415513	0.00021521	0.00024384	0.00020654	0.00044680	0.00036484	0.00025682	0.00030595	0.00415588	
  0.15833333	0.06912667	0.06121170	0.00433419	0.00383680	0.00289014	0.00692946	0.00516748	0.82521747	0.00027736	0.00025659	0.00066558	0.00251437	0.00297746	0.00261517	0.00151361	0.00419892	0.00022036	0.00024830	0.00021003	0.00045092	0.00036950	0.00026095	0.00030728	0.00419970	
  0.16000000	0.06964960	0.06191692	0.00444832	0.00389031	0.00294405	0.00699243	0.00517576	0.82345194	0.00028300	0.00026168	0.00068101	0.00253890	0.00301409	0.00265241	0.00151903	0.00424248	0.00022551	0.00025283	0.00021355	0.00045503	0.00037415	0.00026510	0.00030863	0.00424328	
  0.16166667	0.07017138	0.06261415	0.00456385	0.00394414	0.00299796	0.00705521	0.00518434	0.82169375	0.00028866	0.00026685	0.00069660	0.00256340	0.00305070	0.00268968	0.00152453	0.00428580	0.00023066	0.00025743	0.00021711	0.00045912	0.00037878	0.00026927	0.00031000	0.00428663	
  0.16333333	0.07069178	0.06330371	0.00468078	0.00399831	0.00305187	0.00711782	0.00519323	0.81994280	0.00029433	0.00027211	0.00071233	0.00258787	0.00308727	0.00272698	0.00153010	0.00432890	0.00023582	0.00026210	0.00022071	0.00046319	0.00038339	0.00027346	0.00031140	0.00432975	
  0.16500000	0.07121057	0.06398589	0.00479907	0.00405282	0.00310576	0.00718027	0.00520247	0.81819898	0.00030002	0.00027745	0.00072822	0.00261231	0.00312380	0.00276432	0.00153575	0.00437176	0.00024098	0.00026685	0.00022434	0.00046725	0.00038798	0.00027768	0.00031281	0.00437264	
  0.16666667	0.07172753	0.06466102	0.00491871	0.00410769	0.00315964	0.00724258	0.00521206	0.81646220	0.00030572	0.00028286	0.00074425	0.00263675	0.00316028	0.00280170	0.00154147	0.00441439	0.00024615	0.00027166	0.00022801	0.00047131	0.00039256	0.00028192	0.00031424	0.00441530	
  0.16833333	0.07224242	0.06532939	0.00503967	0.00416293	0.00321350	0.00730476	0.00522202	0.81473237	0.00031144	0.00028836	0.00076043	0.00266118	0.00319669	0.00283912	0.00154726	0.00445679	0.00025133	0.00027654	0.00023171	0.00047535	0.00039711	0.00028619	0.00031570	0.00445773	
  0.17000000	0.07275504	0.06599131	0.00516193	0.00421855	0.00326736	0.00736681	0.00523237	0.81300939	0.00031718	0.00029393	0.00077677	0.00268561	0.00323304	0.00287658	0.00155312	0.00449896	0.00025650	0.00028149	0.00023545	0.00047939	0.00040164	0.00029048	0.00031717	0.00449992	
  0.17166667	0.07326517	0.06664707	0.00528546	0.00427456	0.00332121	0.00742876	0.00524309	0.81129318	0.00032294	0.00029957	0.00079325	0.00271003	0.00326932	0.00291409	0.00155904	0.00454090	0.00026169	0.00028651	0.00023923	0.00048341	0.00040616	0.00029480	0.00031866	0.00454189	
  0.17333333	0.07377261	0.06729697	0.00541025	0.00433095	0.00337506	0.00749062	0.00525421	0.80958365	0.00032871	0.00030529	0.00080988	0.00273447	0.00330552	0.00295164	0.00156502	0.00458260	0.00026688	0.00029159	0.00024305	0.00048743	0.00041065	0.00029914	0.00032018	0.00458362	
  0.17500000	0.07427715	0.06794130	0.00553628	0.00438773	0.00342893	0.00755239	0.00526571	0.80788073	0.00033450	0.00031109	0.00082665	0.00275891	0.00334165	0.00298924	0.00157104	0.00462407	0.00027207	0.00029673	0.00024691	0.00049145	0.00041513	0.00030351	0.00032171	0.00462512	
  0.17666667	0.07477862	0.06858032	0.00566352	0.00444491	0.00348282	0.00761409	0.00527759	0.80618434	0.00034032	0.00031695	0.00084358	0.00278336	0.00337770	0.00302689	0.00157710	0.00466531	0.00027727	0.00030194	0.00025080	0.00049546	0.00041959	0.00030790	0.00032325	0.00466638	
  0.17833333	0.07527683	0.06921432	0.00579195	0.00450247	0.00353674	0.00767572	0.00528985	0.80449440	0.00034615	0.00032289	0.00086065	0.00280782	0.00341366	0.00306458	0.00158320	0.00470631	0.00028248	0.00030722	0.00025473	0.00049946	0.00042403	0.00031231	0.00032481	0.00470740	
  0.18000000	0.07577162	0.06984356	0.00592156	0.00456042	0.00359072	0.00773730	0.00530246	0.80281085	0.00035200	0.00032889	0.00087787	0.00283229	0.00344955	0.00310230	0.00158933	0.00474707	0.00028769	0.00031255	0.00025870	0.00050345	0.00042846	0.00031675	0.00032639	0.00474819	
  0.18166667	0.07626283	0.07046829	0.00605233	0.00461875	0.00364476	0.00779884	0.00531543	0.80113361	0.00035787	0.00033497	0.00089524	0.00285677	0.00348536	0.00314007	0.00159548	0.00478760	0.00029292	0.00031794	0.00026271	0.00050744	0.00043287	0.00032122	0.00032798	0.00478874	
  0.18333333	0.07675030	0.07108875	0.00618425	0.00467746	0.00369887	0.00786033	0.00532873	0.79946261	0.00036376	0.00034111	0.00091275	0.00288126	0.00352108	0.00317787	0.00160164	0.00482788	0.00029815	0.00032340	0.00026676	0.00051143	0.00043727	0.00032570	0.00032958	0.00482906	
  0.18500000	0.07723391	0.07170518	0.00631729	0.00473655	0.00375308	0.00792179	0.00534234	0.79779779	0.00036967	0.00034732	0.00093040	0.00290576	0.00355673	0.00321571	0.00160781	0.00486793	0.00030339	0.00032891	0.00027085	0.00051541	0.00044165	0.00033021	0.00033119	0.00486913	
  0.18666667	0.07771353	0.07231780	0.00645144	0.00479600	0.00380739	0.00798323	0.00535625	0.79613909	0.00037561	0.00035360	0.00094820	0.00293028	0.00359230	0.00325357	0.00161397	0.00490774	0.00030865	0.00033448	0.00027498	0.00051939	0.00044602	0.00033473	0.00033281	0.00490896	
  0.18833333	0.07818904	0.07292683	0.00658669	0.00485581	0.00386183	0.00804464	0.00537043	0.79448643	0.00038157	0.00035994	0.00096614	0.00295480	0.00362780	0.00329145	0.00162012	0.00494731	0.00031392	0.00034010	0.00027915	0.00052336	0.00045038	0.00033928	0.00033444	0.00494856	
  0.19000000	0.07866036	0.07353246	0.00672303	0.00491598	0.00391641	0.00810604	0.00538486	0.79283975	0.00038755	0.00036634	0.00098422	0.00297933	0.00366323	0.00332934	0.00162626	0.00498664	0.00031920	0.00034579	0.00028335	0.00052732	0.00045472	0.00034384	0.00033607	0.00498792	
  0.19166667	0.07912737	0.07413488	0.00686044	0.00497650	0.00397114	0.00816742	0.00539952	0.79119899	0.00039355	0.00037281	0.00100244	0.00300387	0.00369859	0.00336725	0.00163237	0.00502573	0.00032450	0.00035152	0.00028760	0.00053128	0.00045906	0.00034842	0.00033771	0.00502703	
  0.19333333	0.07959002	0.07473429	0.00699891	0.00503736	0.00402604	0.00822880	0.00541437	0.78956408	0.00039958	0.00037934	0.00102080	0.00302841	0.00373389	0.00340517	0.00163845	0.00506459	0.00032981	0.00035731	0.00029188	0.00053524	0.00046339	0.00035301	0.00033936	0.00506592	
  0.19500000	0.08004823	0.07533083	0.00713843	0.00509856	0.00408112	0.00829018	0.00542939	0.78793495	0.00040564	0.00038593	0.00103929	0.00305296	0.00376912	0.00344308	0.00164450	0.00510321	0.00033513	0.00036316	0.00029621	0.00053919	0.00046771	0.00035762	0.00034100	0.00510456	
  0.19666667	0.08050194	0.07592467	0.00727899	0.00516010	0.00413639	0.00835155	0.00544456	0.78631154	0.00041172	0.00039258	0.00105792	0.00307750	0.00380430	0.00348100	0.00165051	0.00514160	0.00034048	0.00036905	0.00030057	0.00054313	0.00047203	0.00036225	0.00034265	0.00514297	
  0.19833333	0.08095111	0.07651596	0.00742057	0.00522196	0.00419186	0.00841294	0.00545985	0.78469379	0.00041783	0.00039930	0.00107668	0.00310205	0.00383942	0.00351890	0.00165647	0.00517975	0.00034584	0.00037500	0.00030498	0.00054707	0.00047633	0.00036688	0.00034429	0.00518115	
  0.20000000	0.08139571	0.07710483	0.00756318	0.00528416	0.00424755	0.00847432	0.00547523	0.78308161	0.00042396	0.00040607	0.00109557	0.00312660	0.00387449	0.00355679	0.00166238	0.00521768	0.00035123	0.00038100	0.00030942	0.00055101	0.00048063	0.00037153	0.00034594	0.00521910	
  0.20166667	0.08183570	0.07769140	0.00770681	0.00534668	0.00430346	0.00853572	0.00549068	0.78147495	0.00043012	0.00041291	0.00111459	0.00315114	0.00390951	0.00359466	0.00166824	0.00525538	0.00035663	0.00038705	0.00031391	0.00055493	0.00048493	0.00037619	0.00034758	0.00525683	
  0.20333333	0.08227108	0.07827578	0.00785143	0.00540952	0.00435961	0.00859713	0.00550617	0.77987373	0.00043631	0.00041980	0.00113374	0.00317568	0.00394448	0.00363252	0.00167405	0.00529286	0.00036205	0.00039316	0.00031843	0.00055886	0.00048923	0.00038085	0.00034922	0.00529432	
  0.20500000	0.08270184	0.07885808	0.00799705	0.00547269	0.00441600	0.00865855	0.00552167	0.77827787	0.00044252	0.00042675	0.00115302	0.00320021	0.00397941	0.00367034	0.00167980	0.00533011	0.00036750	0.00039931	0.00032299	0.00056278	0.00049352	0.00038553	0.00035086	0.00533160	
  0.20666667	0.08312799	0.07943840	0.00814365	0.00553619	0.00447263	0.00871999	0.00553716	0.77668732	0.00044876	0.00043377	0.00117242	0.00322472	0.00401431	0.00370813	0.00168549	0.00536715	0.00037297	0.00040551	0.00032759	0.00056669	0.00049781	0.00039022	0.00035249	0.00536866	
  0.20833333	0.08354952	0.08001680	0.00829124	0.00560001	0.00452952	0.00878145	0.00555263	0.77510198	0.00045503	0.00044084	0.00119195	0.00324922	0.00404917	0.00374589	0.00169112	0.00540397	0.00037846	0.00041175	0.00033223	0.00057060	0.00050209	0.00039491	0.00035411	0.00540550	
  0.21000000	0.08396647	0.08059337	0.00843980	0.00566415	0.00458666	0.00884292	0.00556804	0.77352180	0.00046133	0.00044797	0.00121160	0.00327370	0.00408400	0.00378362	0.00169670	0.00544058	0.00038398	0.00041805	0.00033691	0.00057450	0.00050638	0.00039961	0.00035573	0.00544213	
  0.21166667	0.08437886	0.08116817	0.00858932	0.00572863	0.00464407	0.00890442	0.00558338	0.77194670	0.00046766	0.00045516	0.00123137	0.00329816	0.00411880	0.00382130	0.00170222	0.00547698	0.00038952	0.00042439	0.00034163	0.00057840	0.00051066	0.00040431	0.00035734	0.00547855	
  0.21333333	0.08478671	0.08174125	0.00873980	0.00579344	0.00470174	0.00896593	0.00559864	0.77037659	0.00047401	0.00046240	0.00125126	0.00332260	0.00415358	0.00385894	0.00170768	0.00551318	0.00039509	0.00043078	0.00034638	0.00058230	0.00051495	0.00040902	0.00035894	0.00551477	
  0.21500000	0.08519008	0.08231266	0.00889123	0.00585858	0.00475968	0.00902746	0.00561380	0.76881141	0.00048040	0.00046971	0.00127126	0.00334701	0.00418835	0.00389653	0.00171310	0.00554918	0.00040069	0.00043721	0.00035118	0.00058618	0.00051924	0.00041374	0.00036054	0.00555079	
  0.21666667	0.08558901	0.08288245	0.00904360	0.00592406	0.00481788	0.00908901	0.00562884	0.76725108	0.00048682	0.00047707	0.00129139	0.00337139	0.00422309	0.00393407	0.00171846	0.00558499	0.00040631	0.00044369	0.00035601	0.00059007	0.00052352	0.00041846	0.00036213	0.00558661	
  0.21833333	0.08598354	0.08345063	0.00919690	0.00598987	0.00487636	0.00915058	0.00564375	0.76569554	0.00049326	0.00048449	0.00131163	0.00339573	0.00425782	0.00397157	0.00172378	0.00562060	0.00041196	0.00045021	0.00036088	0.00059394	0.00052781	0.00042318	0.00036371	0.00562224	
  0.22000000	0.08637373	0.08401724	0.00935114	0.00605603	0.00493512	0.00921216	0.00565854	0.76414469	0.00049973	0.00049197	0.00133198	0.00342003	0.00429254	0.00400900	0.00172905	0.00565602	0.00041763	0.00045678	0.00036579	0.00059781	0.00053211	0.00042791	0.00036529	0.00565768	
  0.22166667	0.08675964	0.08458230	0.00950630	0.00612254	0.00499414	0.00927376	0.00567318	0.76259848	0.00050624	0.00049950	0.00135245	0.00344430	0.00432726	0.00404638	0.00173428	0.00569127	0.00042334	0.00046339	0.00037073	0.00060168	0.00053640	0.00043264	0.00036685	0.00569294	
  0.22333333	0.08714134	0.08514580	0.00966237	0.00618939	0.00505344	0.00933537	0.00568767	0.76105684	0.00051277	0.00050709	0.00137303	0.00346852	0.00436198	0.00408370	0.00173947	0.00572633	0.00042907	0.00047005	0.00037572	0.00060554	0.00054070	0.00043738	0.00036841	0.00572802	
  0.22500000	0.08751888	0.08570777	0.00981934	0.00625660	0.00511302	0.00939698	0.00570202	0.75951969	0.00051933	0.00051474	0.00139373	0.00349269	0.00439669	0.00412096	0.00174464	0.00576121	0.00043483	0.00047675	0.00038074	0.00060939	0.00054500	0.00044211	0.00036997	0.00576292	
  0.22666667	0.08789234	0.08626820	0.00997722	0.00632415	0.00517287	0.00945861	0.00571622	0.75798696	0.00052592	0.00052245	0.00141453	0.00351681	0.00443142	0.00415816	0.00174977	0.00579592	0.00044061	0.00048349	0.00038579	0.00061324	0.00054931	0.00044685	0.00037152	0.00579764	
  0.22833333	0.08826179	0.08682709	0.01013598	0.00639206	0.00523299	0.00952023	0.00573026	0.75645859	0.00053254	0.00053022	0.00143544	0.00354088	0.00446615	0.00419529	0.00175488	0.00583046	0.00044643	0.00049027	0.00039089	0.00061709	0.00055362	0.00045159	0.00037306	0.00583220	
  0.23000000	0.08862730	0.08738442	0.01029564	0.00646031	0.00529339	0.00958185	0.00574417	0.75493453	0.00053920	0.00053804	0.00145646	0.00356489	0.00450089	0.00423235	0.00175997	0.00586484	0.00045228	0.00049710	0.00039602	0.00062092	0.00055794	0.00045633	0.00037460	0.00586658	
  0.23166667	0.08898895	0.08794019	0.01045617	0.00652892	0.00535406	0.00964347	0.00575792	0.75341469	0.00054588	0.00054593	0.00147759	0.00358884	0.00453564	0.00426934	0.00176504	0.00589905	0.00045815	0.00050397	0.00040119	0.00062475	0.00056226	0.00046107	0.00037613	0.00590081	
  0.23333333	0.08934681	0.08849437	0.01061757	0.00659788	0.00541500	0.00970508	0.00577154	0.75189904	0.00055259	0.00055387	0.00149882	0.00361274	0.00457042	0.00430626	0.00177010	0.00593310	0.00046405	0.00051088	0.00040639	0.00062858	0.00056659	0.00046581	0.00037766	0.00593487	
  0.23500000	0.08970096	0.08904695	0.01077983	0.00666720	0.00547622	0.00976668	0.00578503	0.75038750	0.00055933	0.00056187	0.00152016	0.00363657	0.00460521	0.00434310	0.00177515	0.00596700	0.00046998	0.00051783	0.00041163	0.00063239	0.00057092	0.00047055	0.00037918	0.00596878	
  0.23666667	0.09005148	0.08959789	0.01094295	0.00673685	0.00553772	0.00982826	0.00579839	0.74888004	0.00056610	0.00056992	0.00154161	0.00366034	0.00464003	0.00437986	0.00178019	0.00600074	0.00047593	0.00052482	0.00041691	0.00063621	0.00057526	0.00047529	0.00038071	0.00600252	
