  0.00000000	0.00000000	0.00000000	0.00000000	0.00000000	0.00000000	1.00000000	0.00000000	0.00000000	0.00000000	0.00000000	0.00000000	0.00000000	0.00000000	0.00000000	0.00000000	0.00000000	0.00000000	0.00000000	0.00000000	0.00000000	0.00000000	0.00000000	0.00000000	0.00000000	
  0.00166667	0.00001027	0.00000555	0.00000417	0.00001746	0.00030730	0.99953683	0.00010748	0.00000526	0.00000000	0.00000005	0.00000006	0.00000019	0.00000019	0.00000022	0.00000025	0.00000010	0.00000022	0.00000267	0.00000052	0.00000002	0.00000000	0.00000022	0.00000000	0.00000095	
  0.00333333	0.00004103	0.00002217	0.00001671	0.00006993	0.00122795	0.99814978	0.00042875	0.00002100	0.00000000	0.00000019	0.00000025	0.00000077	0.00000077	0.00000089	0.00000101	0.00000039	0.00000089	0.00001067	0.00000209	0.00000006	0.00000000	0.00000089	0.00000000	0.00000379	
  0.00500000	0.00009202	0.00004968	0.00003782	0.00015799	0.00275463	0.99585314	0.00095687	0.00004701	0.00000001	0.00000043	0.00000057	0.00000173	0.00000173	0.00000200	0.00000223	0.00000088	0.00000201	0.00002394	0.00000469	0.00000014	0.00000001	0.00000200	0.00000001	0.00000846	
  0.00666667	0.00016281	0.00008777	0.00006782	0.00028261	0.00487560	0.99266995	0.00168056	0.00008293	0.00000002	0.00000077	0.00000102	0.00000304	0.00000306	0.00000356	0.00000388	0.00000154	0.00000359	0.00004240	0.00000832	0.00000026	0.00000002	0.00000356	0.00000001	0.00001490	
  0.00833333	0.00025283	0.00013604	0.00010717	0.00044507	0.00757508	0.98863128	0.00258459	0.00012829	0.00000003	0.00000120	0.00000160	0.00000468	0.00000475	0.00000557	0.00000588	0.00000237	0.00000565	0.00006593	0.00001298	0.00000040	0.00000003	0.00000557	0.00000002	0.00002298	
  0.01000000	0.00036137	0.00019398	0.00015641	0.00064697	0.01083353	0.98377538	0.00365026	0.00018251	0.00000004	0.00000172	0.00000232	0.00000664	0.00000679	0.00000804	0.00000817	0.00000334	0.00000821	0.00009439	0.00001864	0.00000058	0.00000004	0.00000804	0.00000003	0.00003259	
  0.01166667	0.00048760	0.00026100	0.00021621	0.00089015	0.01462809	0.97814679	0.00485597	0.00024490	0.00000006	0.00000233	0.00000318	0.00000887	0.00000915	0.00001097	0.00001065	0.00000445	0.00001129	0.00012762	0.00002529	0.00000080	0.00000005	0.00001097	0.00000004	0.00004357	
  0.01333333	0.00063055	0.00033643	0.00028730	0.00117661	0.01893296	0.97179526	0.00617788	0.00031471	0.00000008	0.00000303	0.00000419	0.00001134	0.00001182	0.00001436	0.00001323	0.00000565	0.00001493	0.00016542	0.00003293	0.00000106	0.00000007	0.00001436	0.00000005	0.00005575	
  0.01500000	0.00078921	0.00041956	0.00037048	0.00150848	0.02371986	0.96477464	0.00759062	0.00039111	0.00000011	0.00000381	0.00000535	0.00001401	0.00001477	0.00001822	0.00001582	0.00000694	0.00001915	0.00020760	0.00004153	0.00000136	0.00000010	0.00001822	0.00000007	0.00006897	
  0.01666667	0.00096245	0.00050961	0.00046657	0.00188791	0.02895844	0.95714180	0.00906793	0.00047326	0.00000015	0.00000468	0.00000667	0.00001685	0.00001799	0.00002254	0.00001833	0.00000830	0.00002400	0.00025392	0.00005108	0.00000171	0.00000013	0.00002254	0.00000010	0.00008304	
  0.01833333	0.00114910	0.00060577	0.00057644	0.00231706	0.03461675	0.94895547	0.01058345	0.00056027	0.00000020	0.00000563	0.00000815	0.00001981	0.00002146	0.00002733	0.00002066	0.00000968	0.00002951	0.00030417	0.00006156	0.00000210	0.00000017	0.00002733	0.00000015	0.00009780	
  0.02000000	0.00134795	0.00070723	0.00070094	0.00279798	0.04066166	0.94027512	0.01211134	0.00065124	0.00000025	0.00000665	0.00000980	0.00002285	0.00002514	0.00003257	0.00002275	0.00001109	0.00003573	0.00035810	0.00007297	0.00000255	0.00000021	0.00003257	0.00000022	0.00011307	
  0.02166667	0.00155776	0.00081314	0.00084093	0.00333264	0.04705929	0.93115998	0.01362690	0.00074532	0.00000031	0.00000775	0.00001162	0.00002593	0.00002903	0.00003827	0.00002452	0.00001249	0.00004272	0.00041547	0.00008529	0.00000306	0.00000026	0.00003827	0.00000033	0.00012870	
  0.02333333	0.00177729	0.00092268	0.00099720	0.00392283	0.05377538	0.92166804	0.01510716	0.00084165	0.00000039	0.00000893	0.00001362	0.00002903	0.00003310	0.00004442	0.00002593	0.00001388	0.00005051	0.00047604	0.00009852	0.00000364	0.00000033	0.00004442	0.00000048	0.00014455	
  0.02500000	0.00200528	0.00103505	0.00117053	0.00457015	0.06077568	0.91185526	0.01653134	0.00093943	0.00000047	0.00001017	0.00001579	0.00003210	0.00003733	0.00005099	0.00002695	0.00001523	0.00005917	0.00053957	0.00011264	0.00000428	0.00000040	0.00005099	0.00000070	0.00016049	
  0.02666667	0.00224054	0.00114945	0.00136163	0.00527602	0.06802624	0.90177477	0.01788122	0.00103792	0.00000057	0.00001148	0.00001813	0.00003511	0.00004171	0.00005797	0.00002756	0.00001654	0.00006876	0.00060582	0.00012767	0.00000501	0.00000050	0.00005797	0.00000099	0.00017643	
  0.02833333	0.00248185	0.00126516	0.00157115	0.00604165	0.07549371	0.89147639	0.01914140	0.00113643	0.00000069	0.00001286	0.00002066	0.00003805	0.00004621	0.00006534	0.00002776	0.00001780	0.00007932	0.00067455	0.00014359	0.00000583	0.00000060	0.00006534	0.00000138	0.00019228	
  0.03000000	0.00272809	0.00138147	0.00179964	0.00686805	0.08314556	0.88100608	0.02029956	0.00123437	0.00000082	0.00001431	0.00002335	0.00004089	0.00005084	0.00007308	0.00002757	0.00001900	0.00009092	0.00074555	0.00016041	0.00000675	0.00000073	0.00007308	0.00000188	0.00020800	
  0.03166667	0.00297815	0.00149774	0.00204762	0.00775610	0.09095028	0.87040569	0.02134646	0.00133120	0.00000097	0.00001581	0.00002623	0.00004361	0.00005557	0.00008116	0.00002704	0.00002016	0.00010362	0.00081861	0.00017814	0.00000777	0.00000088	0.00008116	0.00000252	0.00022354	
  0.03333333	0.00323100	0.00161337	0.00231549	0.00870650	0.09887753	0.85971279	0.02227594	0.00142647	0.00000113	0.00001738	0.00002926	0.00004621	0.00006040	0.00008955	0.00002621	0.00002127	0.00011747	0.00089351	0.00019680	0.00000892	0.00000105	0.00008954	0.00000332	0.00023891	
  0.03500000	0.00348567	0.00172783	0.00260359	0.00971986	0.10689823	0.84896057	0.02308487	0.00151982	0.00000132	0.00001901	0.00003247	0.00004867	0.00006533	0.00009821	0.00002514	0.00002233	0.00013255	0.00097006	0.00021639	0.00001021	0.00000125	0.00009821	0.00000429	0.00025411	
  0.03666667	0.00374125	0.00184067	0.00291221	0.01079675	0.11498465	0.83817795	0.02377292	0.00161095	0.00000152	0.00002069	0.00003583	0.00005101	0.00007034	0.00010713	0.00002392	0.00002336	0.00014890	0.00104809	0.00023695	0.00001164	0.00000148	0.00010712	0.00000547	0.00026918	
  0.03833333	0.00399690	0.00195148	0.00324154	0.01193770	0.12311042	0.82738973	0.02434234	0.00169967	0.00000175	0.00002243	0.00003933	0.00005323	0.00007545	0.00011625	0.00002261	0.00002437	0.00016660	0.00112742	0.00025849	0.00001325	0.00000174	0.00011625	0.00000687	0.00028418	
  0.04000000	0.00425186	0.00205993	0.00359173	0.01314325	0.13125054	0.81661686	0.02479767	0.00178582	0.00000200	0.00002423	0.00004298	0.00005533	0.00008064	0.00012556	0.00002132	0.00002537	0.00018568	0.00120790	0.00028103	0.00001504	0.00000204	0.00012555	0.00000851	0.00029916	
  0.04166667	0.00450542	0.00216574	0.00396288	0.01441402	0.13938139	0.80587673	0.02514538	0.00186934	0.00000227	0.00002608	0.00004677	0.00005732	0.00008593	0.00013501	0.00002012	0.00002638	0.00020622	0.00128937	0.00030460	0.00001703	0.00000237	0.00013500	0.00001040	0.00031421	
  0.04333333	0.00475695	0.00226869	0.00435503	0.01575071	0.14748062	0.79518359	0.02539355	0.00195022	0.00000257	0.00002798	0.00005067	0.00005924	0.00009132	0.00014458	0.00001911	0.00002741	0.00022826	0.00137171	0.00032924	0.00001925	0.00000275	0.00014457	0.00001257	0.00032941	
  0.04500000	0.00500589	0.00236865	0.00476821	0.01715415	0.15552716	0.78454891	0.02555149	0.00202848	0.00000290	0.00002993	0.00005468	0.00006109	0.00009682	0.00015424	0.00001835	0.00002848	0.00025185	0.00145478	0.00035497	0.00002171	0.00000317	0.00015422	0.00001503	0.00034484	
  0.04666667	0.00525171	0.00246551	0.00520241	0.01862530	0.16350114	0.77398185	0.02562936	0.00210421	0.00000325	0.00003193	0.00005880	0.00006291	0.00010242	0.00016395	0.00001792	0.00002960	0.00027704	0.00153846	0.00038182	0.00002444	0.00000364	0.00016394	0.00001777	0.00036061	
  0.04833333	0.00549397	0.00255923	0.00565762	0.02016525	0.17138382	0.76348965	0.02563783	0.00217752	0.00000363	0.00003397	0.00006300	0.00006471	0.00010815	0.00017370	0.00001788	0.00003080	0.00030387	0.00162264	0.00040982	0.00002747	0.00000416	0.00017368	0.00002081	0.00037679	
  0.05000000	0.00573226	0.00264982	0.00613381	0.02177524	0.17915749	0.75307810	0.02558774	0.00224855	0.00000405	0.00003606	0.00006729	0.00006652	0.00011401	0.00018346	0.00001829	0.00003207	0.00033239	0.00170722	0.00043900	0.00003082	0.00000474	0.00018343	0.00002415	0.00039348	
  0.05166667	0.00596622	0.00273733	0.00663096	0.02345662	0.18680549	0.74275187	0.02548980	0.00231745	0.00000450	0.00003819	0.00007165	0.00006837	0.00012001	0.00019321	0.00001918	0.00003344	0.00036262	0.00179210	0.00046939	0.00003451	0.00000537	0.00019318	0.00002778	0.00041075	
  0.05333333	0.00619554	0.00282185	0.00714906	0.02521083	0.19431208	0.73251495	0.02535431	0.00238440	0.00000498	0.00004036	0.00007606	0.00007029	0.00012616	0.00020294	0.00002058	0.00003491	0.00039460	0.00187718	0.00050100	0.00003857	0.00000606	0.00020291	0.00003170	0.00042866	
  0.05500000	0.00641995	0.00290350	0.00768811	0.02703939	0.20166242	0.72237090	0.02519098	0.00244957	0.00000550	0.00004257	0.00008052	0.00007231	0.00013247	0.00021264	0.00002249	0.00003650	0.00042835	0.00196237	0.00053386	0.00004304	0.00000682	0.00021260	0.00003588	0.00044728	
  0.05666667	0.00663918	0.00298246	0.00824812	0.02894379	0.20884256	0.71232318	0.02500867	0.00251312	0.00000606	0.00004480	0.00008503	0.00007444	0.00013894	0.00022229	0.00002491	0.00003820	0.00046389	0.00204759	0.00056798	0.00004793	0.00000765	0.00022224	0.00004032	0.00046665	
  0.05833333	0.00685303	0.00305891	0.00882914	0.03092550	0.21583936	0.70237538	0.02481531	0.00257522	0.00000666	0.00004707	0.00008956	0.00007672	0.00014560	0.00023189	0.00002783	0.00004003	0.00050124	0.00213275	0.00060337	0.00005328	0.00000854	0.00023184	0.00004499	0.00048678	
  0.06000000	0.00706130	0.00313307	0.00943122	0.03298589	0.22264054	0.69253135	0.02461779	0.00263602	0.00000730	0.00004936	0.00009412	0.00007917	0.00015243	0.00024145	0.00003121	0.00004198	0.00054040	0.00221777	0.00064004	0.00005911	0.00000951	0.00024139	0.00004986	0.00050772	
  0.06166667	0.00726382	0.00320517	0.01005445	0.03512613	0.22923466	0.68279539	0.02442189	0.00269566	0.00000799	0.00005168	0.00009870	0.00008180	0.00015946	0.00025095	0.00003502	0.00004406	0.00058138	0.00230258	0.00067798	0.00006545	0.00001056	0.00025088	0.00005492	0.00052944	
  0.06333333	0.00746043	0.00327547	0.01069892	0.03734716	0.23561112	0.67317229	0.02423230	0.00275426	0.00000873	0.00005401	0.00010328	0.00008463	0.00016669	0.00026041	0.00003920	0.00004625	0.00062417	0.00238709	0.00071719	0.00007232	0.00001168	0.00026033	0.00006011	0.00055195	
  0.06500000	0.00765101	0.00334424	0.01136476	0.03964963	0.24176018	0.66366736	0.02405260	0.00281194	0.00000951	0.00005636	0.00010788	0.00008768	0.00017411	0.00026982	0.00004369	0.00004856	0.00066877	0.00247124	0.00075764	0.00007976	0.00001290	0.00026973	0.00006542	0.00057521	
  0.06666667	0.00783541	0.00341177	0.01205210	0.04203380	0.24767301	0.65428647	0.02388533	0.00286877	0.00001034	0.00005872	0.00011247	0.00009095	0.00018174	0.00027919	0.00004843	0.00005098	0.00071516	0.00255494	0.00079933	0.00008778	0.00001420	0.00027909	0.00007080	0.00059920	
  0.06833333	0.00801354	0.00347836	0.01276109	0.04449949	0.25334170	0.64503592	0.02373208	0.00292483	0.00001123	0.00006109	0.00011706	0.00009446	0.00018958	0.00028853	0.00005335	0.00005350	0.00076332	0.00263814	0.00084221	0.00009641	0.00001561	0.00028842	0.00007622	0.00062387	
  0.07000000	0.00818529	0.00354429	0.01349187	0.04704606	0.25875930	0.63592246	0.02359358	0.00298018	0.00001217	0.00006346	0.00012165	0.00009820	0.00019762	0.00029785	0.00005839	0.00005610	0.00081321	0.00272075	0.00088627	0.00010566	0.00001711	0.00029772	0.00008165	0.00064916	
  0.07166667	0.00835057	0.00360989	0.01424460	0.04967232	0.26391988	0.62695310	0.02346978	0.00303485	0.00001316	0.00006583	0.00012623	0.00010219	0.00020587	0.00030715	0.00006347	0.00005879	0.00086481	0.00280273	0.00093145	0.00011556	0.00001872	0.00030701	0.00008703	0.00067501	
  0.07333333	0.00850932	0.00367547	0.01501942	0.05237651	0.26881854	0.61813507	0.02336005	0.00308886	0.00001421	0.00006819	0.00013080	0.00010640	0.00021433	0.00031644	0.00006853	0.00006155	0.00091807	0.00288400	0.00097772	0.00012611	0.00002044	0.00031628	0.00009235	0.00070135	
  0.07500000	0.00866147	0.00374133	0.01581647	0.05515626	0.27345143	0.60947562	0.02326322	0.00314223	0.00001532	0.00007055	0.00013537	0.00011085	0.00022298	0.00032572	0.00007349	0.00006436	0.00097295	0.00296451	0.00102502	0.00013733	0.00002228	0.00032554	0.00009757	0.00072811	
  0.07666667	0.00880696	0.00380779	0.01663588	0.05800862	0.27781581	0.60098190	0.02317779	0.00319497	0.00001649	0.00007290	0.00013993	0.00011553	0.00023184	0.00033500	0.00007832	0.00006722	0.00102939	0.00304421	0.00107330	0.00014923	0.00002424	0.00033481	0.00010265	0.00075523	
  0.07833333	0.00894577	0.00387516	0.01747773	0.06093000	0.28191007	0.59266084	0.02310197	0.00324706	0.00001772	0.00007524	0.00014448	0.00012042	0.00024088	0.00034429	0.00008294	0.00007011	0.00108734	0.00312305	0.00112251	0.00016180	0.00002634	0.00034408	0.00010758	0.00078262	
  0.08000000	0.00907786	0.00394375	0.01834212	0.06391621	0.28573371	0.58451898	0.02303389	0.00329850	0.00001901	0.00007756	0.00014903	0.00012551	0.00025011	0.00035358	0.00008733	0.00007302	0.00114674	0.00320098	0.00117258	0.00017506	0.00002858	0.00035335	0.00011231	0.00081022	
  0.08166667	0.00920322	0.00401387	0.01922908	0.06696249	0.28928734	0.57656237	0.02297164	0.00334929	0.00002036	0.00007986	0.00015357	0.00013080	0.00025952	0.00036287	0.00009145	0.00007595	0.00120750	0.00327797	0.00122345	0.00018901	0.00003098	0.00036262	0.00011685	0.00083796	
  0.08333333	0.00932188	0.00408580	0.02013863	0.07006351	0.29257271	0.56879642	0.02291338	0.00339939	0.00002177	0.00008214	0.00015811	0.00013626	0.00026910	0.00037217	0.00009526	0.00007888	0.00126957	0.00335399	0.00127506	0.00020363	0.00003353	0.00037190	0.00012116	0.00086576	
  0.08500000	0.00943384	0.00415984	0.02107073	0.07321343	0.29559265	0.56122582	0.02285743	0.00344882	0.00002324	0.00008440	0.00016265	0.00014190	0.00027885	0.00038148	0.00009876	0.00008180	0.00133285	0.00342901	0.00132735	0.00021891	0.00003624	0.00038118	0.00012525	0.00089357	
  0.08666667	0.00953916	0.00423626	0.02202534	0.07640596	0.29835107	0.55385444	0.02280234	0.00349754	0.00002477	0.00008664	0.00016719	0.00014769	0.00028875	0.00039078	0.00010193	0.00008471	0.00139727	0.00350302	0.00138025	0.00023486	0.00003914	0.00039046	0.00012910	0.00092134	
  0.08833333	0.00963790	0.00431532	0.02300234	0.07963442	0.30085288	0.54668529	0.02274691	0.00354557	0.00002635	0.00008885	0.00017174	0.00015362	0.00029880	0.00040007	0.00010478	0.00008760	0.00146275	0.00357599	0.00143371	0.00025144	0.00004222	0.00039972	0.00013271	0.00094901	
  0.09000000	0.00973014	0.00439729	0.02400158	0.08289177	0.30310397	0.53972045	0.02269026	0.00359289	0.00002800	0.00009104	0.00017629	0.00015968	0.00030899	0.00040934	0.00010731	0.00009047	0.00152919	0.00364794	0.00148766	0.00026866	0.00004550	0.00040897	0.00013608	0.00097655	
  0.09166667	0.00981598	0.00448238	0.02502288	0.08617073	0.30511113	0.53296106	0.02263179	0.00363952	0.00002969	0.00009321	0.00018086	0.00016586	0.00031931	0.00041859	0.00010955	0.00009330	0.00159649	0.00371885	0.00154205	0.00028648	0.00004899	0.00041818	0.00013923	0.00100390	
  0.09333333	0.00989555	0.00457084	0.02606600	0.08946381	0.30688199	0.52640729	0.02257124	0.00368546	0.00003145	0.00009535	0.00018543	0.00017214	0.00032974	0.00042780	0.00011150	0.00009611	0.00166457	0.00378874	0.00159682	0.00030488	0.00005270	0.00042737	0.00014216	0.00103105	
  0.09500000	0.00996899	0.00466285	0.02713067	0.09276343	0.30842493	0.52005839	0.02250866	0.00373072	0.00003325	0.00009748	0.00019002	0.00017853	0.00034029	0.00043697	0.00011321	0.00009888	0.00173333	0.00385762	0.00165193	0.00032385	0.00005663	0.00043650	0.00014489	0.00105797	
  0.09666667	0.01003646	0.00475861	0.02821657	0.09606193	0.30974903	0.51391272	0.02244436	0.00377534	0.00003510	0.00009958	0.00019463	0.00018501	0.00035095	0.00044608	0.00011470	0.00010161	0.00180267	0.00392551	0.00170732	0.00034336	0.00006081	0.00044558	0.00014744	0.00108465	
  0.09833333	0.01009814	0.00485827	0.02932334	0.09935172	0.31086391	0.50796778	0.02237892	0.00381932	0.00003701	0.00010166	0.00019926	0.00019158	0.00036169	0.00045513	0.00011601	0.00010431	0.00187248	0.00399244	0.00176296	0.00036338	0.00006523	0.00045459	0.00014982	0.00111106	
  0.10000000	0.01015424	0.00496199	0.03045059	0.10262528	0.31177973	0.50222026	0.02231310	0.00386271	0.00003895	0.00010372	0.00020391	0.00019824	0.00037253	0.00046409	0.00011716	0.00010698	0.00194267	0.00405844	0.00181880	0.00038389	0.00006991	0.00046352	0.00015206	0.00113721	
  0.10166667	0.01020498	0.00506988	0.03159790	0.10587528	0.31250704	0.49666618	0.02224786	0.00390553	0.00004094	0.00010576	0.00020858	0.00020498	0.00038345	0.00047298	0.00011821	0.00010961	0.00201314	0.00412355	0.00187482	0.00040486	0.00007485	0.00047236	0.00015418	0.00116308	
  0.10333333	0.01025059	0.00518204	0.03276479	0.10909457	0.31305669	0.49130090	0.02218425	0.00394783	0.00004297	0.00010779	0.00021327	0.00021182	0.00039444	0.00048176	0.00011918	0.00011220	0.00208379	0.00418781	0.00193097	0.00042626	0.00008007	0.00048110	0.00015621	0.00118869	
  0.10500000	0.01029133	0.00529856	0.03395077	0.11227630	0.31343979	0.48611924	0.02212339	0.00398964	0.00004503	0.00010981	0.00021800	0.00021875	0.00040549	0.00049044	0.00012011	0.00011477	0.00215451	0.00425126	0.00198724	0.00044807	0.00008558	0.00048973	0.00015818	0.00121403	
  0.10666667	0.01032746	0.00541949	0.03515531	0.11541394	0.31366755	0.48111558	0.02206642	0.00403099	0.00004713	0.00011181	0.00022274	0.00022577	0.00041661	0.00049900	0.00012103	0.00011731	0.00222522	0.00431395	0.00204359	0.00047026	0.00009138	0.00049825	0.00016009	0.00123911	
  0.10833333	0.01035925	0.00554485	0.03637787	0.11850131	0.31375126	0.47628394	0.02201447	0.00407193	0.00004926	0.00011381	0.00022752	0.00023290	0.00042779	0.00050745	0.00012196	0.00011982	0.00229580	0.00437593	0.00210001	0.00049281	0.00009749	0.00050664	0.00016199	0.00126394	
  0.11000000	0.01038700	0.00567466	0.03761786	0.12153259	0.31370219	0.47161809	0.02196858	0.00411250	0.00005142	0.00011580	0.00023233	0.00024015	0.00043901	0.00051578	0.00012294	0.00012231	0.00236618	0.00443724	0.00215648	0.00051568	0.00010390	0.00051491	0.00016388	0.00128853	
  0.11166667	0.01041101	0.00580891	0.03887468	0.12450239	0.31353151	0.46711160	0.02192968	0.00415273	0.00005360	0.00011778	0.00023717	0.00024752	0.00045028	0.00052398	0.00012399	0.00012477	0.00243625	0.00449795	0.00221298	0.00053887	0.00011062	0.00052305	0.00016579	0.00131288	
  0.11333333	0.01043158	0.00594757	0.04014771	0.12740572	0.31325024	0.46275799	0.02189860	0.00419265	0.00005581	0.00011977	0.00024204	0.00025502	0.00046159	0.00053205	0.00012512	0.00012722	0.00250593	0.00455810	0.00226950	0.00056234	0.00011766	0.00053106	0.00016774	0.00133700	
  0.11500000	0.01044901	0.00609057	0.04143630	0.13023803	0.31286917	0.45855072	0.02187597	0.00423230	0.00005804	0.00012175	0.00024695	0.00026267	0.00047294	0.00053999	0.00012633	0.00012965	0.00257512	0.00461775	0.00232603	0.00058607	0.00012503	0.00053894	0.00016974	0.00136091	
  0.11666667	0.01046362	0.00623784	0.04273980	0.13299520	0.31239886	0.45448333	0.02186226	0.00427170	0.00006029	0.00012374	0.00025189	0.00027048	0.00048433	0.00054780	0.00012765	0.00013207	0.00264375	0.00467695	0.00238255	0.00061004	0.00013273	0.00054669	0.00017181	0.00138462	
  0.11833333	0.01047573	0.00638930	0.04405751	0.13567350	0.31184953	0.45054946	0.02185778	0.00431087	0.00006255	0.00012572	0.00025686	0.00027846	0.00049575	0.00055549	0.00012907	0.00013447	0.00271174	0.00473575	0.00243906	0.00063424	0.00014076	0.00055431	0.00017395	0.00140812	
  0.12000000	0.01048565	0.00654483	0.04538875	0.13826963	0.31123105	0.44674292	0.02186261	0.00434984	0.00006483	0.00012772	0.00026187	0.00028663	0.00050720	0.00056307	0.00013059	0.00013686	0.00277901	0.00479420	0.00249555	0.00065865	0.00014913	0.00056180	0.00017617	0.00143143	
  0.12166667	0.01049368	0.00670431	0.04673280	0.14078071	0.31055295	0.44305771	0.02187668	0.00438862	0.00006712	0.00012972	0.00026692	0.00029499	0.00051869	0.00057052	0.00013221	0.00013924	0.00284549	0.00485235	0.00255201	0.00068323	0.00015783	0.00056918	0.00017847	0.00145456	
  0.12333333	0.01050014	0.00686761	0.04808893	0.14320421	0.30982432	0.43948806	0.02189974	0.00442723	0.00006942	0.00013173	0.00027201	0.00030356	0.00053020	0.00057787	0.00013392	0.00014161	0.00291110	0.00491024	0.00260843	0.00070799	0.00016688	0.00057645	0.00018087	0.00147750	
  0.12500000	0.01050533	0.00703456	0.04945639	0.14553798	0.30905386	0.43602846	0.02193137	0.00446566	0.00007174	0.00013374	0.00027714	0.00031234	0.00054174	0.00058512	0.00013571	0.00014396	0.00297580	0.00496792	0.00266480	0.00073291	0.00017627	0.00058361	0.00018335	0.00150026	
  0.12666667	0.01050954	0.00720502	0.05083444	0.14778021	0.30824981	0.43267364	0.02197101	0.00450393	0.00007405	0.00013577	0.00028231	0.00032136	0.00055330	0.00059228	0.00013757	0.00014631	0.00303950	0.00502543	0.00272112	0.00075796	0.00018599	0.00059068	0.00018591	0.00152285	
  0.12833333	0.01051307	0.00737882	0.05222229	0.14992942	0.30742000	0.42941862	0.02201802	0.00454203	0.00007638	0.00013782	0.00028753	0.00033061	0.00056490	0.00059935	0.00013948	0.00014865	0.00310217	0.00508281	0.00277739	0.00078313	0.00019606	0.00059765	0.00018856	0.00154526	
  0.13000000	0.01051619	0.00755577	0.05361916	0.15198445	0.30657179	0.42625866	0.02207161	0.00457997	0.00007870	0.00013987	0.00029278	0.00034011	0.00057652	0.00060635	0.00014144	0.00015098	0.00316374	0.00514010	0.00283358	0.00080841	0.00020647	0.00060455	0.00019128	0.00156750	
  0.13166667	0.01051917	0.00773570	0.05502427	0.15394441	0.30571210	0.42318929	0.02213098	0.00461774	0.00008104	0.00014195	0.00029809	0.00034985	0.00058818	0.00061328	0.00014342	0.00015330	0.00322418	0.00519733	0.00288970	0.00083378	0.00021722	0.00061138	0.00019408	0.00158957	
  0.13333333	0.01052229	0.00791842	0.05643679	0.15580869	0.30484741	0.42020627	0.02219524	0.00465534	0.00008337	0.00014404	0.00030344	0.00035986	0.00059986	0.00062016	0.00014542	0.00015561	0.00328344	0.00525454	0.00294575	0.00085923	0.00022830	0.00061814	0.00019693	0.00161148	
  0.13500000	0.01052578	0.00810376	0.05785591	0.15757693	0.30398374	0.41730560	0.02226352	0.00469276	0.00008570	0.00014614	0.00030884	0.00037012	0.00061158	0.00062698	0.00014742	0.00015791	0.00334148	0.00531175	0.00300170	0.00088474	0.00023972	0.00062485	0.00019984	0.00163321	
  0.13666667	0.01052988	0.00829152	0.05928081	0.15924905	0.30312668	0.41448347	0.02233493	0.00473000	0.00008803	0.00014827	0.00031429	0.00038064	0.00062334	0.00063377	0.00014942	0.00016021	0.00339828	0.00536899	0.00305757	0.00091030	0.00025147	0.00063152	0.00020280	0.00165477	
  0.13833333	0.01053482	0.00848152	0.06071064	0.16082515	0.30228140	0.41173625	0.02240863	0.00476705	0.00009036	0.00015041	0.00031980	0.00039143	0.00063513	0.00064053	0.00015140	0.00016249	0.00345379	0.00542630	0.00311333	0.00093588	0.00026355	0.00063816	0.00020580	0.00167618	
  0.14000000	0.01054083	0.00867359	0.06214456	0.16230562	0.30145260	0.40906052	0.02248381	0.00480390	0.00009269	0.00015257	0.00032535	0.00040248	0.00064696	0.00064727	0.00015335	0.00016477	0.00350801	0.00548368	0.00316899	0.00096148	0.00027596	0.00064477	0.00020883	0.00169742	
  0.14166667	0.01054809	0.00886754	0.06358173	0.16369101	0.30064461	0.40645295	0.02255971	0.00484055	0.00009501	0.00015476	0.00033097	0.00041379	0.00065883	0.00065400	0.00015528	0.00016704	0.00356090	0.00554118	0.00322454	0.00098708	0.00028868	0.00065136	0.00021189	0.00171850	
  0.14333333	0.01055681	0.00906320	0.06502128	0.16498214	0.29986131	0.40391038	0.02263568	0.00487700	0.00009733	0.00015697	0.00033664	0.00042536	0.00067075	0.00066072	0.00015718	0.00016930	0.00361246	0.00559879	0.00327998	0.00101267	0.00030171	0.00065794	0.00021497	0.00173943	
  0.14500000	0.01056715	0.00926041	0.06646238	0.16618000	0.29910618	0.40142977	0.02271110	0.00491324	0.00009965	0.00015920	0.00034237	0.00043718	0.00068272	0.00066744	0.00015905	0.00017156	0.00366267	0.00565656	0.00333531	0.00103822	0.00031506	0.00066452	0.00021807	0.00176022	
  0.14666667	0.01057929	0.00945900	0.06790416	0.16728583	0.29838230	0.39900814	0.02278548	0.00494927	0.00010195	0.00016146	0.00034817	0.00044925	0.00069474	0.00067416	0.00016088	0.00017382	0.00371152	0.00571449	0.00339052	0.00106372	0.00032870	0.00067110	0.00022119	0.00178086	
  0.14833333	0.01059339	0.00965884	0.06934578	0.16830105	0.29769236	0.39664265	0.02285839	0.00498509	0.00010425	0.00016375	0.00035402	0.00046156	0.00070681	0.00068091	0.00016270	0.00017607	0.00375902	0.00577259	0.00344561	0.00108916	0.00034264	0.00067768	0.00022432	0.00180137	
  0.15000000	0.01060957	0.00985977	0.07078638	0.16922731	0.29703866	0.39433053	0.02292948	0.00502070	0.00010654	0.00016606	0.00035994	0.00047412	0.00071895	0.00068767	0.00016449	0.00017832	0.00380517	0.00583089	0.00350058	0.00111452	0.00035687	0.00068429	0.00022747	0.00182175	
  0.15166667	0.01062798	0.01006166	0.07222513	0.17006644	0.29642312	0.39206906	0.02299850	0.00505611	0.00010882	0.00016840	0.00036593	0.00048690	0.00073115	0.00069445	0.00016627	0.00018057	0.00384996	0.00588940	0.00355544	0.00113978	0.00037138	0.00069091	0.00023062	0.00184202	
  0.15333333	0.01064872	0.01026439	0.07366119	0.17082052	0.29584730	0.38985564	0.02306526	0.00509132	0.00011109	0.00017077	0.00037199	0.00049991	0.00074341	0.00070127	0.00016805	0.00018282	0.00389341	0.00594813	0.00361018	0.00116494	0.00038617	0.00069756	0.00023380	0.00186218	
  0.15500000	0.01067191	0.01046784	0.07509376	0.17149180	0.29531238	0.38768773	0.02312963	0.00512634	0.00011335	0.00017317	0.00037813	0.00051313	0.00075574	0.00070811	0.00016983	0.00018507	0.00393554	0.00600708	0.00366481	0.00118998	0.00040121	0.00070423	0.00023699	0.00188224	
  0.15666667	0.01069764	0.01067190	0.07652202	0.17208273	0.29481920	0.38556286	0.02319156	0.00516118	0.00011559	0.00017561	0.00038433	0.00052656	0.00076815	0.00071500	0.00017162	0.00018733	0.00397635	0.00606628	0.00371933	0.00121489	0.00041652	0.00071094	0.00024020	0.00190221	
  0.15833333	0.01072599	0.01087648	0.07794519	0.17259597	0.29436826	0.38347867	0.02325102	0.00519583	0.00011782	0.00017807	0.00039061	0.00054019	0.00078063	0.00072193	0.00017343	0.00018959	0.00401587	0.00612572	0.00377373	0.00123965	0.00043206	0.00071769	0.00024344	0.00192211	
  0.16000000	0.01075704	0.01108150	0.07936250	0.17303436	0.29395972	0.38143287	0.02330802	0.00523032	0.00012004	0.00018057	0.00039697	0.00055402	0.00079320	0.00072891	0.00017528	0.00019186	0.00405412	0.00618542	0.00382804	0.00126426	0.00044784	0.00072449	0.00024670	0.00194194	
  0.16166667	0.01079084	0.01128687	0.08077320	0.17340091	0.29359342	0.37942328	0.02336260	0.00526466	0.00012224	0.00018310	0.00040340	0.00056803	0.00080585	0.00073594	0.00017717	0.00019415	0.00409113	0.00624537	0.00388225	0.00128871	0.00046385	0.00073133	0.00025000	0.00196171	
  0.16333333	0.01082744	0.01149253	0.08217656	0.17369878	0.29326890	0.37744782	0.02341482	0.00529885	0.00012443	0.00018567	0.00040992	0.00058222	0.00081858	0.00074303	0.00017911	0.00019644	0.00412692	0.00630558	0.00393636	0.00131299	0.00048007	0.00073823	0.00025332	0.00198143	
  0.16500000	0.01086688	0.01169842	0.08357188	0.17393132	0.29298542	0.37550450	0.02346474	0.00533291	0.00012660	0.00018827	0.00041652	0.00059659	0.00083140	0.00075018	0.00018111	0.00019874	0.00416153	0.00636605	0.00399037	0.00133710	0.00049649	0.00074518	0.00025668	0.00200112	
  0.16666667	0.01090918	0.01190449	0.08495848	0.17410197	0.29274196	0.37359148	0.02351240	0.00536684	0.00012875	0.00019091	0.00042321	0.00061112	0.00084431	0.00075740	0.00018317	0.00020106	0.00419499	0.00642678	0.00404430	0.00136103	0.00051310	0.00075220	0.00026008	0.00202077	
  0.16833333	0.01095437	0.01211070	0.08633571	0.17421431	0.29253724	0.37170703	0.02355787	0.00540066	0.00013089	0.00019359	0.00042999	0.00062581	0.00085731	0.00076469	0.00018529	0.00020339	0.00422734	0.00648776	0.00409815	0.00138478	0.00052989	0.00075928	0.00026352	0.00204040	
  0.17000000	0.01100245	0.01231701	0.08770295	0.17427201	0.29236977	0.36984955	0.02360119	0.00543439	0.00013301	0.00019630	0.00043685	0.00064065	0.00087041	0.00077206	0.00018749	0.00020574	0.00425862	0.00654900	0.00415191	0.00140835	0.00054685	0.00076644	0.00026701	0.00206001	
  0.17166667	0.01105341	0.01252342	0.08905961	0.17427881	0.29223780	0.36801754	0.02364236	0.00546802	0.00013511	0.00019905	0.00044381	0.00065564	0.00088360	0.00077951	0.00018977	0.00020811	0.00428887	0.00661047	0.00420558	0.00143173	0.00056396	0.00077368	0.00027053	0.00207962	
  0.17333333	0.01110724	0.01272989	0.09040512	0.17423851	0.29213944	0.36620969	0.02368141	0.00550157	0.00013720	0.00020183	0.00045086	0.00067077	0.00089689	0.00078705	0.00019211	0.00021049	0.00431812	0.00667218	0.00425918	0.00145494	0.00058121	0.00078100	0.00027409	0.00209921	
  0.17500000	0.01116391	0.01293642	0.09173894	0.17415493	0.29207260	0.36442477	0.02371831	0.00553506	0.00013926	0.00020465	0.00045801	0.00068604	0.00091027	0.00079468	0.00019453	0.00021288	0.00434643	0.00673411	0.00431270	0.00147797	0.00059859	0.00078841	0.00027769	0.00211881	
  0.17666667	0.01122340	0.01314302	0.09306058	0.17403190	0.29203505	0.36266172	0.02375303	0.00556849	0.00014131	0.00020751	0.00046525	0.00070144	0.00092375	0.00080242	0.00019703	0.00021530	0.00437384	0.00679625	0.00436614	0.00150082	0.00061609	0.00079592	0.00028133	0.00213841	
  0.17833333	0.01128567	0.01334968	0.09436957	0.17387324	0.29202445	0.36091958	0.02378554	0.00560187	0.00014335	0.00021040	0.00047260	0.00071697	0.00093732	0.00081026	0.00019959	0.00021773	0.00440040	0.00685857	0.00441949	0.00152350	0.00063369	0.00080354	0.00028501	0.00215801	
  0.18000000	0.01135065	0.01355641	0.09566546	0.17368273	0.29203833	0.35919753	0.02381578	0.00563520	0.00014536	0.00021332	0.00048005	0.00073262	0.00095099	0.00081821	0.00020221	0.00022017	0.00442615	0.00692107	0.00447276	0.00154602	0.00065138	0.00081126	0.00028871	0.00217762	
  0.18166667	0.01141829	0.01376325	0.09694784	0.17346406	0.29207418	0.35749487	0.02384369	0.00566850	0.00014736	0.00021628	0.00048760	0.00074840	0.00096475	0.00082628	0.00020490	0.00022263	0.00445114	0.00698372	0.00452595	0.00156838	0.00066915	0.00081910	0.00029243	0.00219723	
  0.18333333	0.01148853	0.01397020	0.09821635	0.17322089	0.29212941	0.35581101	0.02386920	0.00570177	0.00014935	0.00021927	0.00049527	0.00076428	0.00097860	0.00083448	0.00020763	0.00022511	0.00447543	0.00704650	0.00457904	0.00159059	0.00068699	0.00082706	0.00029618	0.00221685	
  0.18500000	0.01156128	0.01417731	0.09947063	0.17295672	0.29220143	0.35414547	0.02389227	0.00573503	0.00015132	0.00022229	0.00050304	0.00078028	0.00099254	0.00084280	0.00021042	0.00022760	0.00449905	0.00710938	0.00463204	0.00161266	0.00070488	0.00083515	0.00029994	0.00223647	
  0.18666667	0.01163648	0.01438459	0.10071038	0.17267496	0.29228761	0.35249784	0.02391283	0.00576826	0.00015327	0.00022534	0.00051092	0.00079639	0.00100657	0.00085126	0.00021324	0.00023011	0.00452207	0.00717235	0.00468494	0.00163459	0.00072282	0.00084336	0.00030371	0.00225610	
  0.18833333	0.01171404	0.01459210	0.10193530	0.17237889	0.29238535	0.35086784	0.02393085	0.00580149	0.00015521	0.00022842	0.00051891	0.00081260	0.00102069	0.00085986	0.00021610	0.00023263	0.00454453	0.00723537	0.00473773	0.00165638	0.00074079	0.00085172	0.00030748	0.00227573	
  0.19000000	0.01179385	0.01479986	0.10314515	0.17207163	0.29249208	0.34925523	0.02394631	0.00583472	0.00015714	0.00023154	0.00052702	0.00082892	0.00103488	0.00086861	0.00021898	0.00023516	0.00456647	0.00729841	0.00479041	0.00167806	0.00075879	0.00086021	0.00031124	0.00229535	
  0.19166667	0.01187583	0.01500793	0.10433970	0.17175612	0.29260528	0.34765985	0.02395919	0.00586794	0.00015905	0.00023467	0.00053525	0.00084533	0.00104916	0.00087750	0.00022188	0.00023770	0.00458795	0.00736145	0.00484298	0.00169962	0.00077680	0.00086885	0.00031500	0.00231497	
  0.19333333	0.01195988	0.01521635	0.10551876	0.17143515	0.29272249	0.34608161	0.02396953	0.00590117	0.00016095	0.00023784	0.00054359	0.00086183	0.00106351	0.00088654	0.00022479	0.00024025	0.00460901	0.00742447	0.00489542	0.00172107	0.00079481	0.00087764	0.00031874	0.00233459	
  0.19500000	0.01204589	0.01542517	0.10668217	0.17111134	0.29284135	0.34452045	0.02397735	0.00593441	0.00016285	0.00024103	0.00055206	0.00087843	0.00107793	0.00089574	0.00022770	0.00024281	0.00462971	0.00748742	0.00494774	0.00174243	0.00081282	0.00088658	0.00032246	0.00235419	
  0.19666667	0.01213375	0.01563443	0.10782978	0.17078709	0.29295956	0.34297636	0.02398274	0.00596766	0.00016473	0.00024424	0.00056065	0.00089511	0.00109243	0.00090509	0.00023062	0.00024538	0.00465008	0.00755028	0.00499993	0.00176369	0.00083081	0.00089567	0.00032616	0.00237378	
  0.19833333	0.01222335	0.01584419	0.10896151	0.17046465	0.29307496	0.34144935	0.02398577	0.00600092	0.00016660	0.00024748	0.00056936	0.00091187	0.00110699	0.00091461	0.00023353	0.00024795	0.00467017	0.00761303	0.00505197	0.00178486	0.00084878	0.00090492	0.00032982	0.00239336	
  0.20000000	0.01231459	0.01605450	0.11007726	0.17014606	0.29318548	0.33993947	0.02398658	0.00603420	0.00016847	0.00025074	0.00057820	0.00092871	0.00112161	0.00092428	0.00023642	0.00025054	0.00469002	0.00767562	0.00510387	0.00180596	0.00086673	0.00091432	0.00033345	0.00241291	
  0.20166667	0.01240734	0.01626541	0.11117698	0.16983317	0.29328919	0.33844676	0.02398531	0.00606750	0.00017033	0.00025402	0.00058716	0.00094562	0.00113630	0.00093411	0.00023931	0.00025313	0.00470969	0.00773805	0.00515563	0.00182698	0.00088464	0.00092388	0.00033705	0.00243244	
  0.20333333	0.01250151	0.01647697	0.11226066	0.16952767	0.29338426	0.33697129	0.02398212	0.00610083	0.00017218	0.00025732	0.00059626	0.00096261	0.00115104	0.00094410	0.00024217	0.00025572	0.00472919	0.00780026	0.00520723	0.00184794	0.00090251	0.00093360	0.00034061	0.00245195	
  0.20500000	0.01259697	0.01668923	0.11332829	0.16923105	0.29346902	0.33551312	0.02397719	0.00613418	0.00017402	0.00026065	0.00060548	0.00097966	0.00116583	0.00095426	0.00024502	0.00025832	0.00474859	0.00786225	0.00525868	0.00186883	0.00092034	0.00094347	0.00034413	0.00247143	
  0.20666667	0.01269363	0.01690223	0.11437990	0.16894464	0.29354193	0.33407232	0.02397072	0.00616755	0.00017587	0.00026399	0.00061484	0.00099677	0.00118067	0.00096457	0.00024784	0.00026092	0.00476790	0.00792398	0.00530998	0.00188967	0.00093811	0.00095350	0.00034761	0.00249088	
  0.20833333	0.01279135	0.01711603	0.11541554	0.16866959	0.29360157	0.33264894	0.02396293	0.00620095	0.00017770	0.00026735	0.00062433	0.00101394	0.00119556	0.00097503	0.00025064	0.00026352	0.00478718	0.00798542	0.00536111	0.00191046	0.00095583	0.00096368	0.00035104	0.00251030	
  0.21000000	0.01289006	0.01733066	0.11643530	0.16840690	0.29364668	0.33124303	0.02395402	0.00623438	0.00017954	0.00027072	0.00063395	0.00103117	0.00121049	0.00098565	0.00025341	0.00026613	0.00480644	0.00804656	0.00541209	0.00193121	0.00097350	0.00097401	0.00035444	0.00252968	
  0.21166667	0.01298962	0.01754617	0.11743927	0.16815742	0.29367611	0.32985463	0.02394421	0.00626783	0.00018137	0.00027412	0.00064370	0.00104844	0.00122546	0.00099642	0.00025616	0.00026874	0.00482573	0.00810738	0.00546290	0.00195191	0.00099110	0.00098449	0.00035779	0.00254902	
  0.21333333	0.01308996	0.01776259	0.11842757	0.16792186	0.29368886	0.32848374	0.02393374	0.00630131	0.00018320	0.00027753	0.00065359	0.00106576	0.00124048	0.00100734	0.00025888	0.00027135	0.00484508	0.00816784	0.00551356	0.00197258	0.00100865	0.00099511	0.00036111	0.00256832	
  0.21500000	0.01319097	0.01797996	0.11940036	0.16770078	0.29368406	0.32713038	0.02392280	0.00633481	0.00018503	0.00028096	0.00066362	0.00108311	0.00125553	0.00101840	0.00026158	0.00027396	0.00486450	0.00822794	0.00556406	0.00199323	0.00102613	0.00100587	0.00036439	0.00258759	
  0.21666667	0.01329255	0.01819830	0.12035780	0.16749464	0.29366096	0.32579454	0.02391160	0.00636834	0.00018686	0.00028440	0.00067378	0.00110050	0.00127061	0.00102960	0.00026425	0.00027657	0.00488404	0.00828765	0.00561440	0.00201385	0.00104355	0.00101677	0.00036763	0.00260681	
  0.21833333	0.01339462	0.01841766	0.12130008	0.16730376	0.29361895	0.32447617	0.02390035	0.00640189	0.00018870	0.00028786	0.00068407	0.00111792	0.00128572	0.00104094	0.00026690	0.00027918	0.00490371	0.00834696	0.00566458	0.00203445	0.00106090	0.00102780	0.00037084	0.00262598	
  0.22000000	0.01349709	0.01863804	0.12222741	0.16712839	0.29355753	0.32317524	0.02388921	0.00643546	0.00019053	0.00029133	0.00069450	0.00113537	0.00130087	0.00105241	0.00026952	0.00028179	0.00492353	0.00840586	0.00571461	0.00205503	0.00107819	0.00103895	0.00037402	0.00264511	
  0.22166667	0.01359989	0.01885946	0.12314001	0.16696864	0.29347630	0.32189167	0.02387834	0.00646904	0.00019236	0.00029482	0.00070507	0.00115284	0.00131604	0.00106401	0.00027213	0.00028440	0.00494354	0.00846432	0.00576449	0.00207561	0.00109541	0.00105024	0.00037717	0.00266419	
  0.22333333	0.01370293	0.01908195	0.12403812	0.16682457	0.29337499	0.32062538	0.02386790	0.00650264	0.00019420	0.00029832	0.00071578	0.00117032	0.00133125	0.00107573	0.00027471	0.00028701	0.00496373	0.00852235	0.00581421	0.00209617	0.00111257	0.00106163	0.00038030	0.00268322	
  0.22500000	0.01380615	0.01930552	0.12492201	0.16669612	0.29325344	0.31937626	0.02385799	0.00653624	0.00019605	0.00030184	0.00072662	0.00118781	0.00134648	0.00108756	0.00027728	0.00028962	0.00498414	0.00857992	0.00586380	0.00211674	0.00112967	0.00107314	0.00038341	0.00270221	
  0.22666667	0.01390948	0.01953016	0.12579194	0.16658318	0.29311157	0.31814420	0.02384871	0.00656985	0.00019789	0.00030537	0.00073759	0.00120531	0.00136173	0.00109951	0.00027983	0.00029223	0.00500478	0.00863703	0.00591324	0.00213731	0.00114672	0.00108476	0.00038649	0.00272114	
  0.22833333	0.01401286	0.01975588	0.12664821	0.16648555	0.29294940	0.31692904	0.02384016	0.00660346	0.00019975	0.00030891	0.00074870	0.00122281	0.00137701	0.00111157	0.00028236	0.00029483	0.00502567	0.00869366	0.00596254	0.00215788	0.00116370	0.00109649	0.00038956	0.00274001	
  0.23000000	0.01411624	0.01998269	0.12749111	0.16640299	0.29276705	0.31573064	0.02383238	0.00663706	0.00020161	0.00031247	0.00075994	0.00124030	0.00139232	0.00112373	0.00028487	0.00029744	0.00504680	0.00874982	0.00601170	0.00217846	0.00118064	0.00110831	0.00039261	0.00275883	
  0.23166667	0.01421957	0.02021057	0.12832095	0.16633518	0.29256472	0.31454881	0.02382541	0.00667065	0.00020347	0.00031604	0.00077132	0.00125779	0.00140766	0.00113598	0.00028738	0.00030003	0.00506821	0.00880550	0.00606073	0.00219905	0.00119752	0.00112023	0.00039564	0.00277760	
  0.23333333	0.01432280	0.02043951	0.12913805	0.16628177	0.29234270	0.31338337	0.02381927	0.00670423	0.00020535	0.00031962	0.00078282	0.00127526	0.00142302	0.00114833	0.00028987	0.00030263	0.00508988	0.00886069	0.00610964	0.00221965	0.00121435	0.00113223	0.00039867	0.00279631	
  0.23500000	0.01442588	0.02066951	0.12994273	0.16624232	0.29210132	0.31223411	0.02381397	0.00673779	0.00020723	0.00032322	0.00079446	0.00129271	0.00143840	0.00116077	0.00029234	0.00030522	0.00511184	0.00891538	0.00615841	0.00224027	0.00123115	0.00114432	0.00040168	0.00281496	
  0.23666667	0.01452879	0.02090055	0.13073534	0.16621638	0.29184102	0.31110080	0.02380949	0.00677132	0.00020912	0.00032682	0.00080623	0.00131013	0.00145382	0.00117330	0.00029481	0.00030781	0.00513408	0.00896958	0.00620707	0.00226091	0.00124790	0.00115649	0.00040469	0.00283354	
