  0.00000000	1.00000000	0.00000000	0.00000000	0.00000000	0.00000000	0.00000000	0.00000000	0.00000000	0.00000000	0.00000000	0.00000000	0.00000000	0.00000000	0.00000000	0.00000000	0.00000000	0.00000000	0.00000000	0.00000000	0.00000000	0.00000000	0.00000000	0.00000000	0.00000000	
  0.00166667	0.99930105	0.00063640	0.00000121	0.00000158	0.00000200	0.00001027	0.00000237	0.00004352	0.00000010	0.00000001	0.00000004	0.00000005	0.00000052	0.00000022	0.00000008	0.00000000	0.00000010	0.00000022	0.00000019	0.00000001	0.00000005	0.00000000	0.00000001	0.00000000	
  0.00333333	0.99720682	0.00254322	0.00000487	0.00000633	0.00000799	0.00004105	0.00000947	0.00017386	0.00000039	0.00000004	0.00000014	0.00000019	0.00000209	0.00000089	0.00000032	0.00000000	0.00000039	0.00000089	0.00000077	0.00000004	0.00000019	0.00000000	0.00000004	0.00000000	
  0.00500000	0.99373241	0.00570674	0.00001118	0.00001431	0.00001794	0.00009224	0.00002123	0.00038958	0.00000089	0.00000008	0.00000033	0.00000044	0.00000468	0.00000201	0.00000073	0.00000001	0.00000089	0.00000199	0.00000172	0.00000008	0.00000043	0.00000001	0.00000008	0.00000001	
  0.00666667	0.98890195	0.01010504	0.00002049	0.00002563	0.00003179	0.00016365	0.00003755	0.00068839	0.00000157	0.00000014	0.00000059	0.00000079	0.00000827	0.00000358	0.00000132	0.00000002	0.00000157	0.00000353	0.00000303	0.00000016	0.00000076	0.00000002	0.00000015	0.00000002	
  0.00833333	0.98274801	0.01570855	0.00003324	0.00004045	0.00004947	0.00025505	0.00005829	0.00106717	0.00000244	0.00000021	0.00000095	0.00000124	0.00001284	0.00000562	0.00000211	0.00000003	0.00000244	0.00000548	0.00000467	0.00000026	0.00000117	0.00000003	0.00000024	0.00000005	
  0.01000000	0.97531096	0.02248059	0.00005003	0.00005893	0.00007089	0.00036613	0.00008327	0.00152205	0.00000349	0.00000030	0.00000140	0.00000182	0.00001835	0.00000815	0.00000311	0.00000004	0.00000349	0.00000784	0.00000662	0.00000040	0.00000165	0.00000004	0.00000036	0.00000008	
  0.01166667	0.96663839	0.03037793	0.00007153	0.00008129	0.00009596	0.00049654	0.00011229	0.00204847	0.00000472	0.00000040	0.00000197	0.00000251	0.00002476	0.00001118	0.00000436	0.00000006	0.00000472	0.00001059	0.00000884	0.00000058	0.00000220	0.00000006	0.00000052	0.00000014	
  0.01333333	0.95678444	0.03935139	0.00009851	0.00010775	0.00012457	0.00064586	0.00014510	0.00264129	0.00000612	0.00000051	0.00000267	0.00000334	0.00003202	0.00001474	0.00000587	0.00000008	0.00000612	0.00001372	0.00001128	0.00000082	0.00000281	0.00000008	0.00000071	0.00000022	
  0.01500000	0.94580911	0.04934640	0.00013182	0.00013857	0.00015659	0.00081362	0.00018144	0.00329486	0.00000767	0.00000062	0.00000351	0.00000431	0.00004008	0.00001884	0.00000769	0.00000011	0.00000767	0.00001719	0.00001393	0.00000112	0.00000346	0.00000010	0.00000094	0.00000033	
  0.01666667	0.93377755	0.06030367	0.00017235	0.00017399	0.00019191	0.00099929	0.00022102	0.00400314	0.00000939	0.00000074	0.00000450	0.00000545	0.00004891	0.00002352	0.00000984	0.00000015	0.00000939	0.00002100	0.00001672	0.00000148	0.00000414	0.00000013	0.00000122	0.00000048	
  0.01833333	0.92075940	0.07215978	0.00022106	0.00021424	0.00023041	0.00120229	0.00026353	0.00475979	0.00001125	0.00000086	0.00000567	0.00000675	0.00005844	0.00002881	0.00001236	0.00000019	0.00001125	0.00002512	0.00001963	0.00000193	0.00000485	0.00000017	0.00000156	0.00000067	
  0.02000000	0.90682804	0.08484781	0.00027889	0.00025957	0.00027195	0.00142198	0.00030866	0.00555823	0.00001325	0.00000098	0.00000701	0.00000824	0.00006863	0.00003472	0.00001528	0.00000025	0.00001325	0.00002952	0.00002260	0.00000247	0.00000557	0.00000021	0.00000195	0.00000091	
  0.02166667	0.89205990	0.09829799	0.00034679	0.00031019	0.00031643	0.00165767	0.00035607	0.00639184	0.00001539	0.00000110	0.00000856	0.00000993	0.00007944	0.00004131	0.00001863	0.00000032	0.00001539	0.00003418	0.00002561	0.00000309	0.00000629	0.00000026	0.00000240	0.00000121	
  0.02333333	0.87653376	0.11243829	0.00042571	0.00036627	0.00036372	0.00190864	0.00040541	0.00725393	0.00001765	0.00000122	0.00001031	0.00001183	0.00009084	0.00004859	0.00002245	0.00000040	0.00001765	0.00003907	0.00002861	0.00000382	0.00000701	0.00000032	0.00000292	0.00000157	
  0.02500000	0.86033007	0.12719502	0.00051654	0.00042797	0.00041372	0.00217408	0.00045634	0.00813794	0.00002003	0.00000134	0.00001229	0.00001397	0.00010279	0.00005660	0.00002678	0.00000050	0.00002003	0.00004417	0.00003157	0.00000466	0.00000770	0.00000038	0.00000350	0.00000200	
  0.02666667	0.84353034	0.14249341	0.00062013	0.00049540	0.00046635	0.00245317	0.00050851	0.00903747	0.00002252	0.00000145	0.00001448	0.00001637	0.00011526	0.00006537	0.00003163	0.00000062	0.00002252	0.00004945	0.00003446	0.00000560	0.00000837	0.00000046	0.00000416	0.00000251	
  0.02833333	0.82621648	0.15825817	0.00073726	0.00056861	0.00052150	0.00274505	0.00056157	0.00994634	0.00002512	0.00000155	0.00001691	0.00001903	0.00012824	0.00007494	0.00003703	0.00000077	0.00002512	0.00005487	0.00003724	0.00000666	0.00000901	0.00000055	0.00000489	0.00000309	
  0.03000000	0.80847023	0.17441400	0.00086863	0.00064763	0.00057912	0.00304879	0.00061520	0.01085873	0.00002781	0.00000165	0.00001958	0.00002198	0.00014171	0.00008533	0.00004301	0.00000094	0.00002781	0.00006042	0.00003990	0.00000782	0.00000961	0.00000064	0.00000569	0.00000376	
  0.03166667	0.79037263	0.19088607	0.00101484	0.00073241	0.00063914	0.00336348	0.00066906	0.01176914	0.00003061	0.00000175	0.00002248	0.00002523	0.00015566	0.00009658	0.00004959	0.00000114	0.00003061	0.00006606	0.00004242	0.00000910	0.00001016	0.00000075	0.00000656	0.00000452	
  0.03333333	0.77200354	0.20760049	0.00117641	0.00082286	0.00070151	0.00368812	0.00072285	0.01267254	0.00003350	0.00000184	0.00002562	0.00002881	0.00017011	0.00010870	0.00005677	0.00000138	0.00003350	0.00007177	0.00004478	0.00001049	0.00001066	0.00000088	0.00000751	0.00000537	
  0.03500000	0.75344113	0.22448468	0.00135374	0.00091883	0.00076621	0.00402175	0.00077628	0.01356434	0.00003648	0.00000193	0.00002899	0.00003273	0.00018506	0.00012173	0.00006457	0.00000165	0.00003648	0.00007752	0.00004698	0.00001198	0.00001112	0.00000101	0.00000852	0.00000631	
  0.03666667	0.73476154	0.24146783	0.00154711	0.00102010	0.00083322	0.00436334	0.00082906	0.01444044	0.00003955	0.00000202	0.00003260	0.00003700	0.00020053	0.00013567	0.00007297	0.00000197	0.00003954	0.00008328	0.00004900	0.00001357	0.00001152	0.00000116	0.00000960	0.00000736	
  0.03833333	0.71603846	0.25848115	0.00175672	0.00112643	0.00090253	0.00471188	0.00088097	0.01529725	0.00004270	0.00000212	0.00003642	0.00004165	0.00021655	0.00015056	0.00008198	0.00000234	0.00004270	0.00008904	0.00005084	0.00001525	0.00001188	0.00000133	0.00001074	0.00000850	
  0.04000000	0.69734286	0.27545821	0.00198263	0.00123751	0.00097415	0.00506635	0.00093177	0.01613172	0.00004593	0.00000222	0.00004047	0.00004669	0.00023315	0.00016640	0.00009159	0.00000276	0.00004593	0.00009476	0.00005250	0.00001702	0.00001219	0.00000151	0.00001194	0.00000975	
  0.04166667	0.67874266	0.29233521	0.00222480	0.00135296	0.00104809	0.00542573	0.00098127	0.01694128	0.00004925	0.00000234	0.00004472	0.00005213	0.00025036	0.00018320	0.00010178	0.00000324	0.00004925	0.00010043	0.00005400	0.00001886	0.00001245	0.00000171	0.00001319	0.00001110	
  0.04333333	0.66030255	0.30905118	0.00248309	0.00147240	0.00112439	0.00578900	0.00102932	0.01772392	0.00005265	0.00000246	0.00004917	0.00005799	0.00026823	0.00020096	0.00011251	0.00000379	0.00005264	0.00010602	0.00005533	0.00002078	0.00001267	0.00000192	0.00001449	0.00001255	
  0.04500000	0.64208377	0.32554818	0.00275725	0.00159538	0.00120307	0.00615515	0.00107577	0.01847810	0.00005612	0.00000261	0.00005380	0.00006429	0.00028680	0.00021968	0.00012377	0.00000440	0.00005612	0.00011152	0.00005651	0.00002275	0.00001285	0.00000216	0.00001583	0.00001411	
  0.04666667	0.62414396	0.34177150	0.00304695	0.00172143	0.00128417	0.00652321	0.00112054	0.01920276	0.00005968	0.00000277	0.00005862	0.00007105	0.00030611	0.00023936	0.00013551	0.00000510	0.00005968	0.00011691	0.00005755	0.00002477	0.00001300	0.00000241	0.00001721	0.00001577	
  0.04833333	0.60653703	0.35766970	0.00335177	0.00185004	0.00136774	0.00689222	0.00116354	0.01989731	0.00006332	0.00000297	0.00006360	0.00007826	0.00032622	0.00025998	0.00014770	0.00000588	0.00006331	0.00012216	0.00005846	0.00002683	0.00001312	0.00000268	0.00001861	0.00001754	
  0.05000000	0.58931311	0.37319480	0.00367121	0.00198071	0.00145383	0.00726124	0.00120475	0.02056158	0.00006703	0.00000319	0.00006874	0.00008596	0.00034717	0.00028153	0.00016028	0.00000674	0.00006702	0.00012728	0.00005927	0.00002892	0.00001322	0.00000297	0.00002003	0.00001942	
  0.05166667	0.57251847	0.38830229	0.00400473	0.00211288	0.00154247	0.00762938	0.00124415	0.02119576	0.00007082	0.00000346	0.00007403	0.00009416	0.00036900	0.00030399	0.00017320	0.00000770	0.00007081	0.00013224	0.00005997	0.00003103	0.00001331	0.00000328	0.00002147	0.00002140	
  0.05333333	0.55619547	0.40295120	0.00435171	0.00224604	0.00163371	0.00799579	0.00128179	0.02180042	0.00007468	0.00000377	0.00007945	0.00010286	0.00039175	0.00032733	0.00018641	0.00000875	0.00007467	0.00013703	0.00006060	0.00003315	0.00001339	0.00000362	0.00002292	0.00002348	
  0.05500000	0.54038261	0.41710414	0.00471149	0.00237962	0.00172760	0.00835963	0.00131770	0.02237643	0.00007862	0.00000413	0.00008501	0.00011209	0.00041546	0.00035153	0.00019985	0.00000991	0.00007861	0.00014166	0.00006116	0.00003528	0.00001347	0.00000397	0.00002437	0.00002567	
  0.05666667	0.52511451	0.43072726	0.00508341	0.00251311	0.00182416	0.00872014	0.00135197	0.02292492	0.00008262	0.00000454	0.00009069	0.00012187	0.00044016	0.00037654	0.00021346	0.00001118	0.00008261	0.00014610	0.00006168	0.00003740	0.00001355	0.00000435	0.00002582	0.00002796	
  0.05833333	0.51042194	0.44379029	0.00546676	0.00264597	0.00192341	0.00907661	0.00138472	0.02344727	0.00008670	0.00000502	0.00009649	0.00013221	0.00046586	0.00040233	0.00022719	0.00001255	0.00008668	0.00015036	0.00006216	0.00003952	0.00001363	0.00000475	0.00002726	0.00003034	
  0.06000000	0.49633194	0.45626645	0.00586081	0.00277772	0.00202538	0.00942834	0.00141606	0.02394503	0.00009083	0.00000556	0.00010239	0.00014312	0.00049260	0.00042886	0.00024095	0.00001404	0.00009081	0.00015443	0.00006263	0.00004161	0.00001374	0.00000518	0.00002868	0.00003283	
  0.06166667	0.48286781	0.46813248	0.00626486	0.00290787	0.00213007	0.00977472	0.00144617	0.02441990	0.00009502	0.00000617	0.00010841	0.00015464	0.00052036	0.00045607	0.00025471	0.00001565	0.00009500	0.00015831	0.00006310	0.00004369	0.00001386	0.00000562	0.00003009	0.00003541	
  0.06333333	0.47004924	0.47936849	0.00667819	0.00303600	0.00223747	0.01011518	0.00147520	0.02487372	0.00009927	0.00000686	0.00011452	0.00016677	0.00054916	0.00048393	0.00026839	0.00001737	0.00009924	0.00016201	0.00006358	0.00004575	0.00001401	0.00000610	0.00003147	0.00003809	
  0.06500000	0.45789243	0.48995797	0.00710011	0.00316168	0.00234756	0.01044920	0.00150334	0.02530836	0.00010356	0.00000763	0.00012074	0.00017954	0.00057898	0.00051237	0.00028194	0.00001922	0.00010352	0.00016552	0.00006408	0.00004777	0.00001419	0.00000660	0.00003284	0.00004086	
  0.06666667	0.44641013	0.49988768	0.00752995	0.00328456	0.00246030	0.01077631	0.00153080	0.02572576	0.00010789	0.00000849	0.00012705	0.00019297	0.00060979	0.00054135	0.00029529	0.00002118	0.00010785	0.00016885	0.00006461	0.00004977	0.00001439	0.00000712	0.00003417	0.00004372	
  0.06833333	0.43561180	0.50914753	0.00796707	0.00340432	0.00257565	0.01109610	0.00155779	0.02612788	0.00011225	0.00000944	0.00013347	0.00020709	0.00064156	0.00057080	0.00030841	0.00002326	0.00011220	0.00017201	0.00006519	0.00005173	0.00001463	0.00000767	0.00003547	0.00004667	
  0.07000000	0.42550372	0.51773056	0.00841084	0.00352069	0.00269352	0.01140821	0.00158451	0.02651664	0.00011664	0.00001049	0.00013998	0.00022191	0.00067426	0.00060066	0.00032124	0.00002546	0.00011658	0.00017500	0.00006582	0.00005366	0.00001491	0.00000825	0.00003675	0.00004970	
  0.07166667	0.41608913	0.52563273	0.00886070	0.00363343	0.00281384	0.01171233	0.00161120	0.02689392	0.00012104	0.00001163	0.00014659	0.00023747	0.00070783	0.00063088	0.00033375	0.00002777	0.00012098	0.00017784	0.00006651	0.00005556	0.00001523	0.00000885	0.00003799	0.00005281	
  0.07333333	0.40736832	0.53285293	0.00931609	0.00374239	0.00293650	0.01200820	0.00163807	0.02726155	0.00012545	0.00001289	0.00015329	0.00025378	0.00074220	0.00066140	0.00034588	0.00003020	0.00012538	0.00018052	0.00006727	0.00005743	0.00001559	0.00000948	0.00003920	0.00005600	
  0.07500000	0.39933883	0.53939277	0.00977653	0.00384744	0.00306139	0.01229559	0.00166534	0.02762126	0.00012985	0.00001425	0.00016010	0.00027086	0.00077732	0.00069215	0.00035761	0.00003273	0.00012977	0.00018307	0.00006809	0.00005926	0.00001598	0.00001013	0.00004039	0.00005926	
  0.07666667	0.39199552	0.54525649	0.01024155	0.00394852	0.00318838	0.01257435	0.00169324	0.02797470	0.00013425	0.00001572	0.00016701	0.00028875	0.00081309	0.00072308	0.00036891	0.00003538	0.00013416	0.00018549	0.00006899	0.00006107	0.00001642	0.00001082	0.00004154	0.00006259	
  0.07833333	0.38533074	0.55045086	0.01071072	0.00404561	0.00331732	0.01284434	0.00172197	0.02832337	0.00013862	0.00001731	0.00017402	0.00030746	0.00084944	0.00075412	0.00037977	0.00003812	0.00013852	0.00018780	0.00006997	0.00006285	0.00001690	0.00001153	0.00004266	0.00006598	
  0.08000000	0.37933449	0.55498503	0.01118368	0.00413875	0.00344803	0.01310548	0.00175174	0.02866870	0.00014295	0.00001901	0.00018114	0.00032701	0.00088628	0.00078522	0.00039017	0.00004096	0.00014284	0.00019001	0.00007103	0.00006460	0.00001741	0.00001227	0.00004375	0.00006944	
  0.08166667	0.37399453	0.55887041	0.01166008	0.00422803	0.00358035	0.01335772	0.00178274	0.02901194	0.00014724	0.00002084	0.00018837	0.00034742	0.00092350	0.00081631	0.00040010	0.00004390	0.00014712	0.00019213	0.00007216	0.00006632	0.00001797	0.00001303	0.00004482	0.00007296	
  0.08333333	0.36929654	0.56212052	0.01213961	0.00431359	0.00371409	0.01360105	0.00181516	0.02935423	0.00015148	0.00002278	0.00019570	0.00036872	0.00096100	0.00084735	0.00040956	0.00004692	0.00015134	0.00019419	0.00007338	0.00006802	0.00001856	0.00001383	0.00004586	0.00007653	
  0.08500000	0.36522426	0.56475086	0.01262198	0.00439560	0.00384904	0.01383548	0.00184915	0.02969657	0.00015566	0.00002485	0.00020315	0.00039091	0.00099869	0.00087828	0.00041856	0.00005002	0.00015550	0.00019618	0.00007468	0.00006970	0.00001919	0.00001465	0.00004688	0.00008015	
  0.08666667	0.36175965	0.56677882	0.01310697	0.00447428	0.00398500	0.01406108	0.00188489	0.03003983	0.00015976	0.00002705	0.00021071	0.00041400	0.00103645	0.00090904	0.00042710	0.00005319	0.00015959	0.00019814	0.00007606	0.00007137	0.00001984	0.00001549	0.00004789	0.00008381	
  0.08833333	0.35888300	0.56822346	0.01359434	0.00454989	0.00412175	0.01427792	0.00192251	0.03038472	0.00016378	0.00002937	0.00021838	0.00043801	0.00107417	0.00093959	0.00043520	0.00005643	0.00016359	0.00020007	0.00007752	0.00007301	0.00002053	0.00001637	0.00004887	0.00008751	
  0.09000000	0.35657311	0.56910543	0.01408390	0.00462272	0.00425905	0.01448611	0.00196212	0.03073184	0.00016770	0.00003181	0.00022617	0.00046294	0.00111176	0.00096989	0.00044289	0.00005973	0.00016750	0.00020198	0.00007906	0.00007464	0.00002125	0.00001727	0.00004985	0.00009126	
  0.09166667	0.35480741	0.56944681	0.01457546	0.00469310	0.00439669	0.01468577	0.00200386	0.03108166	0.00017153	0.00003438	0.00023407	0.00048879	0.00114911	0.00099988	0.00045018	0.00006309	0.00017131	0.00020390	0.00008068	0.00007626	0.00002200	0.00001820	0.00005082	0.00009503	
  0.09333333	0.35356210	0.56927097	0.01506887	0.00476138	0.00453443	0.01487707	0.00204780	0.03143453	0.00017525	0.00003708	0.00024208	0.00051556	0.00118611	0.00102953	0.00045712	0.00006650	0.00017501	0.00020584	0.00008238	0.00007787	0.00002277	0.00001915	0.00005178	0.00009884	
  0.09500000	0.35281233	0.56860243	0.01556398	0.00482792	0.00467203	0.01506016	0.00209403	0.03179067	0.00017886	0.00003990	0.00025022	0.00054323	0.00122267	0.00105880	0.00046372	0.00006996	0.00017860	0.00020780	0.00008414	0.00007947	0.00002356	0.00002013	0.00005273	0.00010267	
  0.09666667	0.35253228	0.56746673	0.01606063	0.00489311	0.00480927	0.01523525	0.00214260	0.03215022	0.00018234	0.00004284	0.00025847	0.00057180	0.00125869	0.00108766	0.00047003	0.00007345	0.00018207	0.00020981	0.00008598	0.00008106	0.00002436	0.00002113	0.00005369	0.00010652	
  0.09833333	0.35269533	0.56589027	0.01655869	0.00495734	0.00494592	0.01540252	0.00219357	0.03251321	0.00018571	0.00004590	0.00026683	0.00060126	0.00129409	0.00111608	0.00047610	0.00007698	0.00018541	0.00021188	0.00008789	0.00008264	0.00002519	0.00002215	0.00005465	0.00011039	
  0.10000000	0.35327421	0.56390017	0.01705803	0.00502103	0.00508174	0.01556221	0.00224696	0.03287959	0.00018894	0.00004909	0.00027531	0.00063157	0.00132878	0.00114404	0.00048195	0.00008054	0.00018862	0.00021402	0.00008986	0.00008422	0.00002603	0.00002320	0.00005561	0.00011429	
  0.10166667	0.35424110	0.56152416	0.01755852	0.00508459	0.00521651	0.01571454	0.00230280	0.03324923	0.00019204	0.00005239	0.00028390	0.00066271	0.00136269	0.00117150	0.00048764	0.00008413	0.00019170	0.00021624	0.00009190	0.00008579	0.00002688	0.00002427	0.00005659	0.00011819	
  0.10333333	0.35556779	0.55879041	0.01806002	0.00514841	0.00535004	0.01585975	0.00236109	0.03362192	0.00019500	0.00005580	0.00029261	0.00069466	0.00139575	0.00119846	0.00049320	0.00008773	0.00019464	0.00021855	0.00009401	0.00008736	0.00002774	0.00002537	0.00005757	0.00012212	
  0.10500000	0.35722579	0.55572743	0.01856241	0.00521292	0.00548210	0.01599810	0.00242181	0.03399742	0.00019784	0.00005933	0.00030143	0.00072738	0.00142790	0.00122489	0.00049869	0.00009136	0.00019745	0.00022095	0.00009617	0.00008893	0.00002861	0.00002648	0.00005857	0.00012605	
  0.10666667	0.35918645	0.55236391	0.01906554	0.00527850	0.00561251	0.01612984	0.00248496	0.03437541	0.00020053	0.00006297	0.00031036	0.00076082	0.00145910	0.00125078	0.00050415	0.00009500	0.00020013	0.00022347	0.00009840	0.00009049	0.00002948	0.00002761	0.00005959	0.00012999	
  0.10833333	0.36142112	0.54872862	0.01956929	0.00534554	0.00574109	0.01625525	0.00255050	0.03475557	0.00020309	0.00006671	0.00031940	0.00079494	0.00148930	0.00127613	0.00050962	0.00009865	0.00020267	0.00022611	0.00010068	0.00009206	0.00003036	0.00002876	0.00006063	0.00013394	
  0.11000000	0.36390120	0.54485024	0.02007349	0.00541441	0.00586766	0.01637458	0.00261838	0.03513750	0.00020552	0.00007055	0.00032855	0.00082971	0.00151847	0.00130093	0.00051516	0.00010231	0.00020507	0.00022887	0.00010302	0.00009362	0.00003124	0.00002993	0.00006169	0.00013790	
  0.11166667	0.36659834	0.54075732	0.02057802	0.00548548	0.00599208	0.01648813	0.00268857	0.03552081	0.00020782	0.00007448	0.00033781	0.00086506	0.00154658	0.00132518	0.00052079	0.00010599	0.00020735	0.00023176	0.00010541	0.00009518	0.00003211	0.00003111	0.00006277	0.00014187	
  0.11333333	0.36948445	0.53647807	0.02108271	0.00555907	0.00611420	0.01659618	0.00276100	0.03590508	0.00020999	0.00007851	0.00034717	0.00090095	0.00157361	0.00134887	0.00052657	0.00010967	0.00020950	0.00023479	0.00010785	0.00009673	0.00003299	0.00003231	0.00006388	0.00014584	
  0.11500000	0.37253191	0.53204032	0.02158743	0.00563550	0.00623389	0.01669901	0.00283560	0.03628989	0.00021204	0.00008263	0.00035664	0.00093731	0.00159956	0.00137202	0.00053254	0.00011335	0.00021153	0.00023796	0.00011035	0.00009829	0.00003387	0.00003353	0.00006501	0.00014982	
  0.11666667	0.37571357	0.52747139	0.02209201	0.00571506	0.00635104	0.01679692	0.00291232	0.03667481	0.00021397	0.00008682	0.00036622	0.00097410	0.00162443	0.00139464	0.00053873	0.00011705	0.00021344	0.00024127	0.00011290	0.00009984	0.00003474	0.00003475	0.00006618	0.00015380	
  0.11833333	0.37900293	0.52279800	0.02259631	0.00579803	0.00646557	0.01689019	0.00299106	0.03705940	0.00021579	0.00009110	0.00037589	0.00101126	0.00164821	0.00141672	0.00054518	0.00012075	0.00021524	0.00024472	0.00011550	0.00010140	0.00003561	0.00003599	0.00006738	0.00015779	
  0.12000000	0.38237416	0.51804615	0.02310018	0.00588465	0.00657738	0.01697912	0.00307176	0.03744324	0.00021750	0.00009544	0.00038566	0.00104872	0.00167094	0.00143829	0.00055192	0.00012445	0.00021693	0.00024832	0.00011815	0.00010295	0.00003647	0.00003724	0.00006861	0.00016179	
  0.12166667	0.38580222	0.51324106	0.02360346	0.00597512	0.00668643	0.01706400	0.00315431	0.03782591	0.00021912	0.00009985	0.00039554	0.00108643	0.00169262	0.00145936	0.00055899	0.00012816	0.00021853	0.00025206	0.00012085	0.00010450	0.00003733	0.00003849	0.00006987	0.00016579	
  0.12333333	0.38926293	0.50840711	0.02410602	0.00606966	0.00679265	0.01714513	0.00323865	0.03820701	0.00022064	0.00010431	0.00040551	0.00112432	0.00171328	0.00147994	0.00056642	0.00013188	0.00022004	0.00025595	0.00012360	0.00010605	0.00003818	0.00003976	0.00007117	0.00016979	
  0.12500000	0.39273304	0.50356770	0.02460770	0.00616842	0.00689602	0.01722281	0.00332467	0.03858615	0.00022209	0.00010883	0.00041558	0.00116234	0.00173295	0.00150007	0.00057424	0.00013561	0.00022147	0.00025998	0.00012639	0.00010759	0.00003902	0.00004103	0.00007250	0.00017380	
  0.12666667	0.39619030	0.49874524	0.02510839	0.00627155	0.00699653	0.01729731	0.00341229	0.03896295	0.00022346	0.00011339	0.00042574	0.00120043	0.00175167	0.00151974	0.00058246	0.00013934	0.00022282	0.00026416	0.00012924	0.00010914	0.00003986	0.00004231	0.00007387	0.00017782	
  0.12833333	0.39961350	0.49396108	0.02560794	0.00637916	0.00709416	0.01736895	0.00350140	0.03933706	0.00022476	0.00011800	0.00043600	0.00123852	0.00176948	0.00153900	0.00059111	0.00014308	0.00022411	0.00026847	0.00013213	0.00011068	0.00004069	0.00004359	0.00007528	0.00018184	
  0.13000000	0.40298253	0.48923545	0.02610625	0.00649135	0.00718894	0.01743800	0.00359192	0.03970813	0.00022600	0.00012263	0.00044635	0.00127658	0.00178643	0.00155787	0.00060020	0.00014683	0.00022534	0.00027291	0.00013507	0.00011222	0.00004152	0.00004488	0.00007673	0.00018587	
  0.13166667	0.40627843	0.48458741	0.02660321	0.00660818	0.00728089	0.01750475	0.00368374	0.04007584	0.00022720	0.00012729	0.00045680	0.00131453	0.00180255	0.00157637	0.00060977	0.00015060	0.00022653	0.00027748	0.00013806	0.00011376	0.00004234	0.00004616	0.00007822	0.00018990	
  0.13333333	0.40948343	0.48003483	0.02709871	0.00672970	0.00737004	0.01756948	0.00377677	0.04043989	0.00022836	0.00013198	0.00046733	0.00135234	0.00181790	0.00159452	0.00061981	0.00015437	0.00022768	0.00028218	0.00014109	0.00011529	0.00004315	0.00004745	0.00007975	0.00019394	
  0.13500000	0.41258098	0.47559433	0.02759268	0.00685594	0.00745645	0.01763247	0.00387092	0.04079998	0.00022949	0.00013667	0.00047796	0.00138995	0.00183253	0.00161236	0.00063034	0.00015815	0.00022880	0.00028699	0.00014417	0.00011682	0.00004396	0.00004875	0.00008132	0.00019798	
  0.13666667	0.41555574	0.47128130	0.02808503	0.00698689	0.00754019	0.01769399	0.00396609	0.04115586	0.00023060	0.00014138	0.00048867	0.00142732	0.00184649	0.00162992	0.00064137	0.00016195	0.00022990	0.00029191	0.00014730	0.00011835	0.00004476	0.00005004	0.00008293	0.00020204	
  0.13833333	0.41839365	0.46710984	0.02857569	0.00712254	0.00762130	0.01775431	0.00406218	0.04150726	0.00023170	0.00014608	0.00049948	0.00146440	0.00185983	0.00164723	0.00065290	0.00016576	0.00023099	0.00029694	0.00015047	0.00011988	0.00004556	0.00005133	0.00008459	0.00020609	
  0.14000000	0.42108192	0.46309277	0.02906463	0.00726286	0.00769989	0.01781368	0.00415909	0.04185396	0.00023279	0.00015078	0.00051038	0.00150116	0.00187260	0.00166431	0.00066494	0.00016959	0.00023208	0.00030207	0.00015369	0.00012140	0.00004635	0.00005262	0.00008628	0.00021016	
  0.14166667	0.42360902	0.45924165	0.02955179	0.00740780	0.00777603	0.01787236	0.00425674	0.04219572	0.00023388	0.00015547	0.00052136	0.00153756	0.00188487	0.00168119	0.00067750	0.00017343	0.00023317	0.00030728	0.00015696	0.00012292	0.00004714	0.00005390	0.00008802	0.00021423	
  0.14333333	0.42596469	0.45556673	0.03003714	0.00755729	0.00784983	0.01793059	0.00435503	0.04253234	0.00023499	0.00016014	0.00053244	0.00157357	0.00189667	0.00169791	0.00069056	0.00017729	0.00023428	0.00031258	0.00016026	0.00012444	0.00004792	0.00005519	0.00008980	0.00021831	
  0.14500000	0.42813996	0.45207700	0.03052067	0.00771125	0.00792137	0.01798861	0.00445386	0.04286362	0.00023612	0.00016479	0.00054360	0.00160916	0.00190806	0.00171450	0.00070413	0.00018117	0.00023542	0.00031795	0.00016361	0.00012596	0.00004870	0.00005647	0.00009162	0.00022239	
  0.14666667	0.43012707	0.44878018	0.03100236	0.00786958	0.00799078	0.01804664	0.00455316	0.04318939	0.00023728	0.00016941	0.00055486	0.00164430	0.00191908	0.00173099	0.00071821	0.00018506	0.00023658	0.00032338	0.00016700	0.00012747	0.00004948	0.00005775	0.00009348	0.00022648	
  0.14833333	0.43191954	0.44568278	0.03148221	0.00803219	0.00805815	0.01810490	0.00465283	0.04350947	0.00023848	0.00017399	0.00056621	0.00167898	0.00192980	0.00174740	0.00073279	0.00018897	0.00023778	0.00032887	0.00017042	0.00012898	0.00005026	0.00005902	0.00009539	0.00023058	
  0.15000000	0.43351205	0.44279007	0.03196023	0.00819896	0.00812361	0.01816358	0.00475278	0.04382370	0.00023971	0.00017854	0.00057765	0.00171318	0.00194024	0.00176377	0.00074786	0.00019290	0.00023902	0.00033441	0.00017389	0.00013050	0.00005104	0.00006029	0.00009734	0.00023468	
  0.15166667	0.43490051	0.44010615	0.03243643	0.00836975	0.00818726	0.01822290	0.00485293	0.04413193	0.00024100	0.00018304	0.00058919	0.00174687	0.00195045	0.00178013	0.00076341	0.00019685	0.00024032	0.00033999	0.00017739	0.00013201	0.00005182	0.00006156	0.00009933	0.00023880	
  0.15333333	0.43608195	0.43763396	0.03291084	0.00854444	0.00824923	0.01828302	0.00495321	0.04443403	0.00024234	0.00018750	0.00060082	0.00178006	0.00196049	0.00179649	0.00077943	0.00020082	0.00024167	0.00034559	0.00018093	0.00013352	0.00005259	0.00006282	0.00010136	0.00024291	
  0.15500000	0.43705453	0.43537534	0.03338348	0.00872288	0.00830964	0.01834412	0.00505352	0.04472986	0.00024373	0.00019190	0.00061255	0.00181272	0.00197037	0.00181290	0.00079591	0.00020480	0.00024308	0.00035123	0.00018449	0.00013503	0.00005337	0.00006408	0.00010344	0.00024704	
  0.15666667	0.43781746	0.43333105	0.03385439	0.00890492	0.00836861	0.01840635	0.00515379	0.04501932	0.00024520	0.00019625	0.00062437	0.00184487	0.00198014	0.00182936	0.00081284	0.00020880	0.00024456	0.00035687	0.00018809	0.00013654	0.00005415	0.00006534	0.00010555	0.00025117	
  0.15833333	0.43837101	0.43150084	0.03432359	0.00909041	0.00842626	0.01846985	0.00525396	0.04530231	0.00024673	0.00020054	0.00063630	0.00187649	0.00198984	0.00184592	0.00083021	0.00021283	0.00024611	0.00036252	0.00019172	0.00013806	0.00005492	0.00006659	0.00010771	0.00025530	
  0.16000000	0.43871640	0.42988345	0.03479115	0.00927918	0.00848270	0.01853477	0.00535394	0.04557871	0.00024834	0.00020477	0.00064833	0.00190758	0.00199949	0.00186259	0.00084799	0.00021687	0.00024774	0.00036817	0.00019537	0.00013958	0.00005571	0.00006783	0.00010990	0.00025945	
  0.16166667	0.43885583	0.42847674	0.03525709	0.00947107	0.00853805	0.01860120	0.00545367	0.04584847	0.00025002	0.00020893	0.00066046	0.00193815	0.00200912	0.00187939	0.00086618	0.00022093	0.00024944	0.00037382	0.00019905	0.00014110	0.00005649	0.00006908	0.00011214	0.00026360	
  0.16333333	0.43879233	0.42727763	0.03572146	0.00966591	0.00859244	0.01866926	0.00555309	0.04611150	0.00025178	0.00021302	0.00067271	0.00196821	0.00201876	0.00189634	0.00088475	0.00022500	0.00025123	0.00037944	0.00020274	0.00014263	0.00005728	0.00007032	0.00011441	0.00026775	
  0.16500000	0.43852979	0.42628227	0.03618432	0.00986352	0.00864597	0.01873904	0.00565213	0.04636776	0.00025363	0.00021705	0.00068506	0.00199776	0.00202843	0.00191347	0.00090369	0.00022910	0.00025310	0.00038504	0.00020646	0.00014417	0.00005807	0.00007156	0.00011672	0.00027191	
  0.16666667	0.43807288	0.42548600	0.03664569	0.01006372	0.00869875	0.01881060	0.00575074	0.04661719	0.00025556	0.00022101	0.00069752	0.00202682	0.00203815	0.00193079	0.00092298	0.00023321	0.00025506	0.00039062	0.00021020	0.00014571	0.00005886	0.00007279	0.00011906	0.00027608	
  0.16833333	0.43742697	0.42488347	0.03710564	0.01026634	0.00875089	0.01888401	0.00584887	0.04685978	0.00025759	0.00022489	0.00071010	0.00205539	0.00204794	0.00194831	0.00094260	0.00023733	0.00025712	0.00039615	0.00021395	0.00014727	0.00005966	0.00007403	0.00012144	0.00028025	
  0.17000000	0.43659810	0.42446866	0.03756421	0.01047120	0.00880250	0.01895933	0.00594647	0.04709551	0.00025970	0.00022870	0.00072279	0.00208349	0.00205783	0.00196605	0.00096253	0.00024148	0.00025926	0.00040165	0.00021772	0.00014883	0.00006046	0.00007526	0.00012386	0.00028443	
  0.17166667	0.43559293	0.42423494	0.03802145	0.01067812	0.00885368	0.01903657	0.00604348	0.04732438	0.00026189	0.00023245	0.00073560	0.00211113	0.00206781	0.00198402	0.00098276	0.00024564	0.00026149	0.00040710	0.00022150	0.00015040	0.00006126	0.00007649	0.00012630	0.00028861	
  0.17333333	0.43441863	0.42417514	0.03847740	0.01088690	0.00890452	0.01911577	0.00613988	0.04754642	0.00026419	0.00023611	0.00074853	0.00213834	0.00207791	0.00200224	0.00100326	0.00024981	0.00026382	0.00041249	0.00022530	0.00015199	0.00006207	0.00007771	0.00012878	0.00029280	
  0.17500000	0.43308291	0.42428160	0.03893211	0.01109737	0.00895512	0.01919692	0.00623562	0.04776165	0.00026657	0.00023971	0.00076158	0.00216512	0.00208813	0.00202070	0.00102401	0.00025400	0.00026624	0.00041783	0.00022910	0.00015358	0.00006289	0.00007894	0.00013129	0.00029699	
  0.17666667	0.43159387	0.42454623	0.03938562	0.01130935	0.00900556	0.01928003	0.00633068	0.04797013	0.00026904	0.00024324	0.00077476	0.00219151	0.00209848	0.00203942	0.00104500	0.00025820	0.00026875	0.00042311	0.00023292	0.00015520	0.00006371	0.00008017	0.00013382	0.00030119	
  0.17833333	0.42996002	0.42496054	0.03983798	0.01152266	0.00905593	0.01936508	0.00642503	0.04817194	0.00027160	0.00024670	0.00078806	0.00221751	0.00210897	0.00205841	0.00106620	0.00026241	0.00027136	0.00042833	0.00023674	0.00015682	0.00006454	0.00008140	0.00013638	0.00030539	
  0.18000000	0.42819017	0.42551573	0.04028922	0.01173710	0.00910630	0.01945205	0.00651865	0.04836715	0.00027426	0.00025009	0.00080149	0.00224315	0.00211960	0.00207766	0.00108760	0.00026664	0.00027406	0.00043348	0.00024058	0.00015847	0.00006537	0.00008263	0.00013897	0.00030959	
  0.18166667	0.42629342	0.42620272	0.04073939	0.01195251	0.00915676	0.01954088	0.00661152	0.04855587	0.00027700	0.00025341	0.00081505	0.00226846	0.00213039	0.00209718	0.00110917	0.00027088	0.00027685	0.00043856	0.00024443	0.00016013	0.00006621	0.00008385	0.00014157	0.00031380	
  0.18333333	0.42427906	0.42701220	0.04118853	0.01216871	0.00920736	0.01963154	0.00670364	0.04873822	0.00027983	0.00025667	0.00082874	0.00229344	0.00214132	0.00211696	0.00113089	0.00027512	0.00027973	0.00044357	0.00024828	0.00016181	0.00006706	0.00008508	0.00014420	0.00031801	
  0.18500000	0.42215656	0.42793471	0.04163668	0.01238553	0.00925818	0.01972396	0.00679499	0.04891434	0.00028275	0.00025988	0.00084256	0.00231813	0.00215241	0.00213702	0.00115276	0.00027938	0.00028270	0.00044850	0.00025215	0.00016350	0.00006791	0.00008632	0.00014685	0.00032223	
  0.18666667	0.41993552	0.42896066	0.04208388	0.01260280	0.00930927	0.01981809	0.00688558	0.04908437	0.00028575	0.00026302	0.00085651	0.00234255	0.00216364	0.00215734	0.00117474	0.00028365	0.00028575	0.00045337	0.00025602	0.00016522	0.00006877	0.00008755	0.00014952	0.00032645	
  0.18833333	0.41762557	0.43008035	0.04253016	0.01282034	0.00936068	0.01991383	0.00697541	0.04924849	0.00028883	0.00026611	0.00087060	0.00236671	0.00217503	0.00217792	0.00119682	0.00028793	0.00028889	0.00045816	0.00025991	0.00016695	0.00006963	0.00008879	0.00015220	0.00033067	
  0.19000000	0.41523640	0.43128411	0.04297558	0.01303801	0.00941247	0.02001111	0.00706448	0.04940688	0.00029199	0.00026914	0.00088481	0.00239065	0.00218657	0.00219876	0.00121899	0.00029222	0.00029211	0.00046287	0.00026381	0.00016871	0.00007051	0.00009003	0.00015490	0.00033489	
  0.19166667	0.41277764	0.43256223	0.04342016	0.01325565	0.00946467	0.02010984	0.00715283	0.04955973	0.00029523	0.00027213	0.00089916	0.00241438	0.00219826	0.00221984	0.00124122	0.00029651	0.00029540	0.00046751	0.00026772	0.00017048	0.00007139	0.00009127	0.00015762	0.00033912	
  0.19333333	0.41025888	0.43390508	0.04386395	0.01347311	0.00951733	0.02020993	0.00724045	0.04970725	0.00029854	0.00027508	0.00091365	0.00243792	0.00221009	0.00224116	0.00126349	0.00030082	0.00029877	0.00047208	0.00027164	0.00017228	0.00007228	0.00009251	0.00016034	0.00034335	
  0.19500000	0.40768961	0.43530311	0.04430698	0.01369024	0.00957047	0.02031127	0.00732738	0.04984966	0.00030193	0.00027799	0.00092826	0.00246129	0.00222207	0.00226272	0.00128580	0.00030513	0.00030222	0.00047658	0.00027558	0.00017410	0.00007317	0.00009376	0.00016307	0.00034759	
  0.19666667	0.40507917	0.43674693	0.04474930	0.01390691	0.00962413	0.02041375	0.00741364	0.04998718	0.00030537	0.00028086	0.00094301	0.00248453	0.00223419	0.00228450	0.00130813	0.00030945	0.00030573	0.00048101	0.00027954	0.00017594	0.00007408	0.00009501	0.00016582	0.00035182	
  0.19833333	0.40243670	0.43822727	0.04519096	0.01412299	0.00967832	0.02051727	0.00749926	0.05012005	0.00030889	0.00028370	0.00095789	0.00250763	0.00224644	0.00230649	0.00133046	0.00031378	0.00030931	0.00048537	0.00028351	0.00017781	0.00007499	0.00009627	0.00016857	0.00035607	
  0.20000000	0.39977118	0.43973511	0.04563198	0.01433836	0.00973307	0.02062172	0.00758428	0.05024852	0.00031246	0.00028651	0.00097291	0.00253064	0.00225882	0.00232867	0.00135278	0.00031811	0.00031294	0.00048966	0.00028750	0.00017970	0.00007590	0.00009753	0.00017133	0.00036031	
  0.20166667	0.39709130	0.44126161	0.04607242	0.01455290	0.00978837	0.02072699	0.00766874	0.05037284	0.00031608	0.00028931	0.00098805	0.00255355	0.00227133	0.00235104	0.00137508	0.00032245	0.00031664	0.00049390	0.00029151	0.00018161	0.00007683	0.00009879	0.00017409	0.00036457	
  0.20333333	0.39440553	0.44279823	0.04651231	0.01476651	0.00984425	0.02083294	0.00775267	0.05049324	0.00031976	0.00029208	0.00100333	0.00257640	0.00228396	0.00237358	0.00139734	0.00032680	0.00032039	0.00049807	0.00029555	0.00018354	0.00007777	0.00010006	0.00017686	0.00036882	
  0.20500000	0.39172202	0.44433669	0.04695170	0.01497908	0.00990071	0.02093948	0.00783612	0.05061000	0.00032349	0.00029484	0.00101874	0.00259919	0.00229671	0.00239628	0.00141955	0.00033116	0.00032419	0.00050219	0.00029960	0.00018550	0.00007871	0.00010134	0.00017963	0.00037309	
  0.20666667	0.38904861	0.44586904	0.04739064	0.01519054	0.00995773	0.02104647	0.00791913	0.05072337	0.00032726	0.00029760	0.00103428	0.00262195	0.00230957	0.00241913	0.00144170	0.00033553	0.00032803	0.00050625	0.00030368	0.00018748	0.00007966	0.00010262	0.00018241	0.00037736	
  0.20833333	0.38639279	0.44738763	0.04782917	0.01540080	0.01001532	0.02115382	0.00800175	0.05083359	0.00033106	0.00030035	0.00104995	0.00264468	0.00232254	0.00244210	0.00146379	0.00033990	0.00033191	0.00051027	0.00030778	0.00018948	0.00008062	0.00010390	0.00018519	0.00038164	
  0.21000000	0.38376173	0.44888519	0.04826734	0.01560978	0.01007346	0.02126138	0.00808403	0.05094093	0.00033490	0.00030310	0.00106574	0.00266741	0.00233561	0.00246518	0.00148580	0.00034428	0.00033583	0.00051424	0.00031191	0.00019151	0.00008158	0.00010519	0.00018797	0.00038592	
  0.21166667	0.38116219	0.45035480	0.04870518	0.01581743	0.01013213	0.02136907	0.00816602	0.05104563	0.00033878	0.00030585	0.00108167	0.00269015	0.00234878	0.00248836	0.00150773	0.00034867	0.00033978	0.00051817	0.00031606	0.00019356	0.00008255	0.00010649	0.00019075	0.00039022	
  0.21333333	0.37860057	0.45178993	0.04914275	0.01602368	0.01019133	0.02147675	0.00824778	0.05114793	0.00034267	0.00030862	0.00109772	0.00271291	0.00236203	0.00251163	0.00152957	0.00035307	0.00034375	0.00052206	0.00032024	0.00019563	0.00008353	0.00010779	0.00019353	0.00039452	
  0.21500000	0.37608287	0.45318445	0.04958009	0.01622850	0.01025102	0.02158432	0.00832934	0.05124808	0.00034659	0.00031140	0.00111390	0.00273569	0.00237538	0.00253496	0.00155131	0.00035747	0.00034775	0.00052593	0.00032445	0.00019773	0.00008452	0.00010909	0.00019632	0.00039884	
  0.21666667	0.37361468	0.45453262	0.05001724	0.01643185	0.01031119	0.02169167	0.00841077	0.05134629	0.00035052	0.00031420	0.00113020	0.00275852	0.00238880	0.00255834	0.00157295	0.00036188	0.00035176	0.00052976	0.00032869	0.00019986	0.00008552	0.00011041	0.00019910	0.00040317	
  0.21833333	0.37120118	0.45582914	0.05045425	0.01663370	0.01037179	0.02179869	0.00849210	0.05144280	0.00035447	0.00031703	0.00114663	0.00278140	0.00240230	0.00258175	0.00159449	0.00036631	0.00035579	0.00053357	0.00033297	0.00020200	0.00008652	0.00011172	0.00020189	0.00040751	
  0.22000000	0.36884712	0.45706910	0.05089116	0.01683402	0.01043280	0.02190529	0.00857341	0.05153782	0.00035842	0.00031988	0.00116318	0.00280434	0.00241587	0.00260518	0.00161591	0.00037074	0.00035983	0.00053737	0.00033727	0.00020417	0.00008753	0.00011305	0.00020467	0.00041186	
  0.22166667	0.36655684	0.45824805	0.05132800	0.01703281	0.01049419	0.02201137	0.00865472	0.05163153	0.00036238	0.00032276	0.00117986	0.00282735	0.00242950	0.00262862	0.00163723	0.00037518	0.00036387	0.00054115	0.00034160	0.00020637	0.00008854	0.00011438	0.00020746	0.00041623	
  0.22333333	0.36433426	0.45936193	0.05176482	0.01723006	0.01055592	0.02211682	0.00873610	0.05172415	0.00036634	0.00032568	0.00119666	0.00285044	0.00244319	0.00265205	0.00165843	0.00037963	0.00036791	0.00054492	0.00034597	0.00020858	0.00008956	0.00011572	0.00021024	0.00042061	
  0.22500000	0.36218286	0.46040715	0.05220166	0.01742578	0.01061795	0.02222157	0.00881758	0.05181584	0.00037029	0.00032863	0.00121358	0.00287360	0.00245693	0.00267545	0.00167953	0.00038409	0.00037195	0.00054868	0.00035037	0.00021083	0.00009059	0.00011706	0.00021303	0.00042501	
  0.22666667	0.36010572	0.46138052	0.05263854	0.01761997	0.01068024	0.02232552	0.00889921	0.05190677	0.00037423	0.00033163	0.00123062	0.00289686	0.00247071	0.00269882	0.00170051	0.00038856	0.00037598	0.00055245	0.00035480	0.00021309	0.00009162	0.00011841	0.00021582	0.00042942	
  0.22833333	0.35810548	0.46227927	0.05307550	0.01781265	0.01074274	0.02242860	0.00898103	0.05199709	0.00037816	0.00033467	0.00124778	0.00292020	0.00248453	0.00272213	0.00172137	0.00039304	0.00038000	0.00055622	0.00035926	0.00021538	0.00009266	0.00011977	0.00021861	0.00043385	
  0.23000000	0.35618438	0.46310108	0.05351257	0.01800384	0.01080543	0.02253073	0.00906309	0.05208695	0.00038207	0.00033775	0.00126506	0.00294364	0.00249837	0.00274537	0.00174213	0.00039752	0.00038401	0.00056000	0.00036377	0.00021769	0.00009371	0.00012113	0.00022140	0.00043830	
  0.23166667	0.35434425	0.46384402	0.05394978	0.01819356	0.01086824	0.02263184	0.00914542	0.05217646	0.00038596	0.00034089	0.00128247	0.00296718	0.00251224	0.00276854	0.00176278	0.00040202	0.00038799	0.00056379	0.00036830	0.00022003	0.00009476	0.00012250	0.00022420	0.00044277	
  0.23333333	0.35258654	0.46450657	0.05438715	0.01838187	0.01093114	0.02273186	0.00922805	0.05226576	0.00038983	0.00034408	0.00129999	0.00299083	0.00252613	0.00279162	0.00178332	0.00040653	0.00039195	0.00056759	0.00037287	0.00022239	0.00009582	0.00012388	0.00022699	0.00044725	
  0.23500000	0.35091229	0.46508760	0.05482469	0.01856878	0.01099409	0.02283073	0.00931103	0.05235494	0.00039368	0.00034732	0.00131762	0.00301457	0.00254003	0.00281459	0.00180376	0.00041104	0.00039589	0.00057142	0.00037748	0.00022477	0.00009688	0.00012527	0.00022979	0.00045175	
  0.23666667	0.34932217	0.46558638	0.05526243	0.01875434	0.01105704	0.02292840	0.00939437	0.05244408	0.00039750	0.00035062	0.00133538	0.00303843	0.00255392	0.00283745	0.00182410	0.00041556	0.00039980	0.00057527	0.00038212	0.00022718	0.00009794	0.00012666	0.00023260	0.00045626	
