  0.00000000	0.00000000	0.00000000	0.00000000	0.00000000	0.00000000	1.00000000	0.00000000	0.00000000	0.00000000	0.00000000	0.00000000	0.00000000	0.00000000	0.00000000	0.00000000	0.00000000	0.00000000	0.00000000	0.00000000	0.00000000	0.00000000	0.00000000	0.00000000	0.00000000	
  0.00166667	0.00001027	0.00000555	0.00000417	0.00001746	0.00030730	0.99953683	0.00010748	0.00000526	0.00000000	0.00000005	0.00000006	0.00000019	0.00000019	0.00000022	0.00000025	0.00000010	0.00000022	0.00000267	0.00000052	0.00000002	0.00000000	0.00000022	0.00000000	0.00000095	
  0.00333333	0.00004105	0.00002218	0.00001668	0.00006986	0.00122814	0.99814889	0.00042950	0.00002102	0.00000000	0.00000019	0.00000025	0.00000077	0.00000077	0.00000089	0.00000101	0.00000039	0.00000089	0.00001066	0.00000208	0.00000006	0.00000000	0.00000089	0.00000000	0.00000379	
  0.00500000	0.00009224	0.00004971	0.00003757	0.00015736	0.00275631	0.99584514	0.00096363	0.00004719	0.00000001	0.00000043	0.00000056	0.00000172	0.00000175	0.00000199	0.00000226	0.00000089	0.00000201	0.00002390	0.00000466	0.00000014	0.00000001	0.00000199	0.00000001	0.00000850	
  0.00666667	0.00016366	0.00008788	0.00006689	0.00028025	0.00488183	0.99263992	0.00170598	0.00008362	0.00000002	0.00000077	0.00000100	0.00000303	0.00000311	0.00000353	0.00000400	0.00000157	0.00000358	0.00004225	0.00000822	0.00000025	0.00000002	0.00000353	0.00000002	0.00001506	
  0.00833333	0.00025506	0.00013631	0.00010472	0.00043898	0.00759118	0.98855265	0.00265129	0.00013011	0.00000003	0.00000120	0.00000154	0.00000467	0.00000488	0.00000550	0.00000622	0.00000244	0.00000562	0.00006554	0.00001270	0.00000039	0.00000002	0.00000550	0.00000003	0.00002341	
  0.01000000	0.00036614	0.00019457	0.00015115	0.00063416	0.01086744	0.98360746	0.00379301	0.00018639	0.00000004	0.00000172	0.00000220	0.00000661	0.00000705	0.00000789	0.00000888	0.00000349	0.00000815	0.00009356	0.00001804	0.00000056	0.00000003	0.00000789	0.00000006	0.00003350	
  0.01166667	0.00049656	0.00026213	0.00020628	0.00086658	0.01469058	0.97783283	0.00512343	0.00025217	0.00000006	0.00000232	0.00000295	0.00000882	0.00000964	0.00001069	0.00001198	0.00000472	0.00001118	0.00012604	0.00002416	0.00000077	0.00000004	0.00001069	0.00000009	0.00004526	
  0.01333333	0.00064590	0.00033842	0.00027020	0.00113729	0.01903760	0.97126126	0.00663378	0.00032710	0.00000008	0.00000301	0.00000380	0.00001126	0.00001266	0.00001389	0.00001549	0.00000612	0.00001474	0.00016270	0.00003099	0.00000100	0.00000005	0.00001389	0.00000013	0.00005862	
  0.01500000	0.00081369	0.00042280	0.00034301	0.00144753	0.02388284	0.96392887	0.00831429	0.00041081	0.00000010	0.00000379	0.00000474	0.00001389	0.00001612	0.00001747	0.00001939	0.00000768	0.00001885	0.00020321	0.00003844	0.00000126	0.00000007	0.00001747	0.00000020	0.00007349	
  0.01666667	0.00099941	0.00051461	0.00042477	0.00179883	0.02919819	0.95587497	0.01015441	0.00050286	0.00000013	0.00000464	0.00000574	0.00001667	0.00002001	0.00002142	0.00002365	0.00000939	0.00002353	0.00024722	0.00004642	0.00000155	0.00000008	0.00002142	0.00000028	0.00008979	
  0.01833333	0.00120247	0.00061318	0.00051550	0.00219296	0.03495336	0.94714167	0.01214284	0.00060281	0.00000017	0.00000557	0.00000682	0.00001955	0.00002436	0.00002573	0.00002824	0.00001124	0.00002881	0.00029437	0.00005484	0.00000187	0.00000010	0.00002573	0.00000039	0.00010742	
  0.02000000	0.00142225	0.00071783	0.00061517	0.00263200	0.04111618	0.93777345	0.01426769	0.00071018	0.00000021	0.00000656	0.00000795	0.00002251	0.00002916	0.00003038	0.00003314	0.00001322	0.00003473	0.00034426	0.00006361	0.00000221	0.00000011	0.00003038	0.00000053	0.00012628	
  0.02166667	0.00165807	0.00082786	0.00072372	0.00311826	0.04765285	0.92781674	0.01651659	0.00082448	0.00000026	0.00000762	0.00000912	0.00002550	0.00003443	0.00003534	0.00003832	0.00001533	0.00004132	0.00039650	0.00007264	0.00000258	0.00000013	0.00003534	0.00000072	0.00014627	
  0.02333333	0.00190918	0.00094263	0.00084100	0.00365433	0.05452824	0.91731951	0.01887686	0.00094519	0.00000032	0.00000874	0.00001033	0.00002848	0.00004015	0.00004061	0.00004377	0.00001755	0.00004861	0.00045068	0.00008185	0.00000298	0.00000015	0.00004061	0.00000095	0.00016727	
  0.02500000	0.00217481	0.00106149	0.00096681	0.00424303	0.06170619	0.90633084	0.02133555	0.00107178	0.00000038	0.00000992	0.00001157	0.00003143	0.00004634	0.00004617	0.00004944	0.00001987	0.00005663	0.00050638	0.00009117	0.00000341	0.00000018	0.00004617	0.00000123	0.00018919	
  0.02666667	0.00245414	0.00118386	0.00110086	0.00488739	0.06914979	0.89490056	0.02387964	0.00120372	0.00000046	0.00001114	0.00001284	0.00003432	0.00005299	0.00005198	0.00005533	0.00002228	0.00006542	0.00056321	0.00010053	0.00000385	0.00000021	0.00005198	0.00000158	0.00021192	
  0.02833333	0.00274630	0.00130918	0.00124280	0.00559059	0.07682165	0.88307881	0.02649610	0.00134047	0.00000055	0.00001241	0.00001411	0.00003712	0.00006009	0.00005804	0.00006142	0.00002476	0.00007501	0.00062077	0.00010986	0.00000432	0.00000026	0.00005804	0.00000201	0.00023534	
  0.03000000	0.00305037	0.00143696	0.00139220	0.00635593	0.08468423	0.87091575	0.02917204	0.00148149	0.00000064	0.00001372	0.00001539	0.00003983	0.00006763	0.00006431	0.00006768	0.00002732	0.00008543	0.00067865	0.00011912	0.00000482	0.00000031	0.00006431	0.00000252	0.00025936	
  0.03166667	0.00336543	0.00156675	0.00154856	0.00718676	0.09270003	0.85846116	0.03189476	0.00162624	0.00000075	0.00001506	0.00001667	0.00004243	0.00007560	0.00007079	0.00007410	0.00002993	0.00009671	0.00073649	0.00012827	0.00000534	0.00000037	0.00007079	0.00000314	0.00028387	
  0.03333333	0.00369051	0.00169818	0.00171134	0.00808642	0.10083195	0.84576418	0.03465191	0.00177418	0.00000088	0.00001643	0.00001794	0.00004491	0.00008398	0.00007744	0.00008067	0.00003259	0.00010888	0.00079394	0.00013726	0.00000588	0.00000045	0.00007744	0.00000386	0.00030877	
  0.03500000	0.00402460	0.00183094	0.00187991	0.00905817	0.10904346	0.83287298	0.03743152	0.00192479	0.00000101	0.00001782	0.00001920	0.00004728	0.00009277	0.00008425	0.00008739	0.00003528	0.00012197	0.00085066	0.00014608	0.00000644	0.00000055	0.00008425	0.00000472	0.00033398	
  0.03666667	0.00436671	0.00196475	0.00205362	0.01010510	0.11729885	0.81983452	0.04022213	0.00207757	0.00000117	0.00001922	0.00002044	0.00004954	0.00010192	0.00009119	0.00009424	0.00003800	0.00013599	0.00090634	0.00015470	0.00000703	0.00000067	0.00009119	0.00000571	0.00035940	
  0.03833333	0.00471581	0.00209944	0.00223180	0.01123007	0.12556348	0.80669431	0.04301281	0.00223202	0.00000133	0.00002063	0.00002166	0.00005170	0.00011144	0.00009824	0.00010121	0.00004074	0.00015096	0.00096071	0.00016312	0.00000764	0.00000082	0.00009824	0.00000687	0.00038495	
  0.04000000	0.00507086	0.00223485	0.00241374	0.01243564	0.13380394	0.79349621	0.04579328	0.00238765	0.00000152	0.00002205	0.00002286	0.00005378	0.00012128	0.00010539	0.00010832	0.00004348	0.00016691	0.00101350	0.00017133	0.00000827	0.00000100	0.00010538	0.00000820	0.00041055	
  0.04166667	0.00543084	0.00237090	0.00259875	0.01372398	0.14198825	0.78028227	0.04855390	0.00254400	0.00000172	0.00002347	0.00002404	0.00005578	0.00013142	0.00011260	0.00011555	0.00004623	0.00018383	0.00106451	0.00017933	0.00000893	0.00000121	0.00011260	0.00000973	0.00043613	
  0.04333333	0.00579473	0.00250756	0.00278613	0.01509684	0.15008601	0.76709251	0.05128576	0.00270063	0.00000193	0.00002488	0.00002519	0.00005774	0.00014184	0.00011987	0.00012291	0.00004897	0.00020175	0.00111355	0.00018714	0.00000963	0.00000146	0.00011986	0.00001147	0.00046164	
  0.04500000	0.00616149	0.00264484	0.00297523	0.01655541	0.15806851	0.75396490	0.05398070	0.00285712	0.00000217	0.00002629	0.00002632	0.00005967	0.00015251	0.00012717	0.00013040	0.00005170	0.00022065	0.00116046	0.00019475	0.00001035	0.00000176	0.00012715	0.00001345	0.00048700	
  0.04666667	0.00653014	0.00278279	0.00316542	0.01810038	0.16590891	0.74093516	0.05663133	0.00301307	0.00000243	0.00002767	0.00002741	0.00006159	0.00016340	0.00013448	0.00013802	0.00005442	0.00024054	0.00120512	0.00020219	0.00001110	0.00000211	0.00013446	0.00001568	0.00051218	
  0.04833333	0.00689969	0.00292148	0.00335614	0.01973178	0.17358227	0.72803674	0.05923106	0.00316810	0.00000270	0.00002905	0.00002849	0.00006354	0.00017449	0.00014178	0.00014579	0.00005711	0.00026141	0.00124745	0.00020946	0.00001189	0.00000251	0.00014176	0.00001818	0.00053713	
  0.05000000	0.00726919	0.00306103	0.00354688	0.02144903	0.18106565	0.71530076	0.06177409	0.00332186	0.00000300	0.00003039	0.00002953	0.00006554	0.00018574	0.00014906	0.00015371	0.00005977	0.00028325	0.00128739	0.00021659	0.00001273	0.00000297	0.00014904	0.00002098	0.00056180	
  0.05166667	0.00763773	0.00320156	0.00373722	0.02325090	0.18833816	0.70275595	0.06425541	0.00347403	0.00000332	0.00003172	0.00003056	0.00006761	0.00019713	0.00015630	0.00016179	0.00006241	0.00030603	0.00132492	0.00022360	0.00001360	0.00000350	0.00015628	0.00002410	0.00058618	
  0.05333333	0.00800443	0.00334323	0.00392681	0.02513546	0.19538099	0.69042866	0.06667081	0.00362431	0.00000366	0.00003302	0.00003156	0.00006978	0.00020863	0.00016349	0.00017002	0.00006501	0.00032974	0.00136004	0.00023050	0.00001453	0.00000410	0.00016346	0.00002755	0.00061023	
  0.05500000	0.00836843	0.00348617	0.00411538	0.02710013	0.20217739	0.67834284	0.06901685	0.00377240	0.00000402	0.00003429	0.00003254	0.00007206	0.00022022	0.00017062	0.00017844	0.00006758	0.00035435	0.00139280	0.00023730	0.00001551	0.00000478	0.00017058	0.00003137	0.00063394	
  0.05666667	0.00872895	0.00363055	0.00430279	0.02914166	0.20871272	0.66652008	0.07129087	0.00391807	0.00000440	0.00003552	0.00003350	0.00007449	0.00023188	0.00017767	0.00018703	0.00007012	0.00037983	0.00142325	0.00024404	0.00001655	0.00000554	0.00017763	0.00003557	0.00065729	
  0.05833333	0.00908522	0.00377653	0.00448896	0.03125618	0.21497437	0.65497962	0.07349089	0.00406109	0.00000481	0.00003673	0.00003445	0.00007708	0.00024358	0.00018464	0.00019582	0.00007262	0.00040614	0.00145148	0.00025072	0.00001765	0.00000640	0.00018459	0.00004017	0.00068028	
  0.06000000	0.00943654	0.00392425	0.00467391	0.03343923	0.22095176	0.64373841	0.07561566	0.00420125	0.00000525	0.00003790	0.00003538	0.00007984	0.00025531	0.00019150	0.00020480	0.00007509	0.00043323	0.00147761	0.00025735	0.00001882	0.00000735	0.00019145	0.00004520	0.00070291	
  0.06166667	0.00978226	0.00407386	0.00485776	0.03568576	0.22663624	0.63281116	0.07766459	0.00433838	0.00000570	0.00003904	0.00003630	0.00008280	0.00026704	0.00019826	0.00021399	0.00007752	0.00046108	0.00150176	0.00026396	0.00002007	0.00000840	0.00019820	0.00005067	0.00072518	
  0.06333333	0.01012178	0.00422549	0.00504071	0.03799028	0.23202108	0.62221039	0.07963767	0.00447233	0.00000619	0.00004015	0.00003721	0.00008596	0.00027877	0.00020492	0.00022339	0.00007993	0.00048962	0.00152409	0.00027056	0.00002140	0.00000956	0.00020485	0.00005661	0.00074709	
  0.06500000	0.01045454	0.00437925	0.00522306	0.04034680	0.23710133	0.61194652	0.08153552	0.00460296	0.00000670	0.00004122	0.00003811	0.00008933	0.00029047	0.00021146	0.00023302	0.00008230	0.00051881	0.00154474	0.00027715	0.00002281	0.00001084	0.00021138	0.00006304	0.00076865	
  0.06666667	0.01078005	0.00453524	0.00540516	0.04274901	0.24187378	0.60202795	0.08335924	0.00473019	0.00000723	0.00004226	0.00003902	0.00009293	0.00030214	0.00021787	0.00024287	0.00008465	0.00054859	0.00156389	0.00028375	0.00002432	0.00001224	0.00021779	0.00006996	0.00078987	
  0.06833333	0.01109787	0.00469354	0.00558744	0.04519027	0.24633683	0.59246114	0.08511044	0.00485391	0.00000780	0.00004327	0.00003992	0.00009674	0.00031376	0.00022417	0.00025295	0.00008697	0.00057891	0.00158173	0.00029038	0.00002592	0.00001377	0.00022408	0.00007742	0.00081078	
  0.07000000	0.01140760	0.00485422	0.00577037	0.04766372	0.25049043	0.58325071	0.08679113	0.00497408	0.00000838	0.00004425	0.00004082	0.00010078	0.00032533	0.00023035	0.00026327	0.00008927	0.00060971	0.00159844	0.00029704	0.00002763	0.00001543	0.00023024	0.00008540	0.00083138	
  0.07166667	0.01170891	0.00501733	0.00595450	0.05016236	0.25433591	0.57439951	0.08840374	0.00509066	0.00000900	0.00004520	0.00004173	0.00010505	0.00033684	0.00023640	0.00027383	0.00009154	0.00064092	0.00161422	0.00030374	0.00002945	0.00001722	0.00023629	0.00009394	0.00085169	
  0.07333333	0.01200149	0.00518289	0.00614038	0.05267912	0.25787594	0.56590875	0.08995101	0.00520363	0.00000964	0.00004612	0.00004264	0.00010954	0.00034827	0.00024234	0.00028464	0.00009381	0.00067250	0.00162925	0.00031050	0.00003138	0.00001917	0.00024221	0.00010305	0.00087174	
  0.07500000	0.01228512	0.00535091	0.00632860	0.05520691	0.26111436	0.55777808	0.09143596	0.00531299	0.00001032	0.00004702	0.00004356	0.00011425	0.00035963	0.00024815	0.00029569	0.00009606	0.00070436	0.00164373	0.00031732	0.00003343	0.00002125	0.00024802	0.00011273	0.00089154	
  0.07666667	0.01255959	0.00552138	0.00651975	0.05773874	0.26405613	0.55000569	0.09286184	0.00541876	0.00001101	0.00004789	0.00004450	0.00011918	0.00037092	0.00025385	0.00030699	0.00009830	0.00073646	0.00165785	0.00032422	0.00003560	0.00002350	0.00025372	0.00012300	0.00091112	
  0.07833333	0.01282475	0.00569428	0.00671445	0.06026774	0.26670715	0.54258843	0.09423209	0.00552099	0.00001174	0.00004874	0.00004545	0.00012432	0.00038212	0.00025945	0.00031854	0.00010054	0.00076874	0.00167180	0.00033121	0.00003790	0.00002590	0.00025930	0.00013387	0.00093050	
  0.08000000	0.01308049	0.00586958	0.00691329	0.06278727	0.26907422	0.53552190	0.09555031	0.00561972	0.00001250	0.00004958	0.00004642	0.00012966	0.00039324	0.00026494	0.00033034	0.00010277	0.00080112	0.00168574	0.00033831	0.00004033	0.00002846	0.00026478	0.00014534	0.00094969	
  0.08166667	0.01332676	0.00604721	0.00711686	0.06529093	0.27116489	0.52880056	0.09682017	0.00571503	0.00001328	0.00005039	0.00004741	0.00013520	0.00040428	0.00027033	0.00034239	0.00010501	0.00083354	0.00169985	0.00034552	0.00004289	0.00003119	0.00027017	0.00015742	0.00096873	
  0.08333333	0.01356350	0.00622713	0.00732571	0.06777267	0.27298737	0.52241781	0.09804541	0.00580700	0.00001409	0.00005119	0.00004841	0.00014094	0.00041523	0.00027563	0.00035469	0.00010725	0.00086596	0.00171428	0.00035286	0.00004560	0.00003408	0.00027546	0.00017011	0.00098762	
  0.08500000	0.01379074	0.00640926	0.00754037	0.07022677	0.27455045	0.51636613	0.09922977	0.00589572	0.00001492	0.00005198	0.00004945	0.00014686	0.00042608	0.00028085	0.00036724	0.00010950	0.00089831	0.00172919	0.00036035	0.00004844	0.00003715	0.00028068	0.00018341	0.00100639	
  0.08666667	0.01400851	0.00659353	0.00776133	0.07264793	0.27586340	0.51063712	0.10037700	0.00598129	0.00001579	0.00005276	0.00005051	0.00015297	0.00043685	0.00028599	0.00038003	0.00011176	0.00093053	0.00174470	0.00036801	0.00005143	0.00004039	0.00028582	0.00019733	0.00102505	
  0.08833333	0.01421688	0.00677984	0.00798905	0.07503126	0.27693585	0.50522165	0.10149078	0.00606385	0.00001667	0.00005352	0.00005159	0.00015925	0.00044753	0.00029107	0.00039306	0.00011403	0.00096258	0.00176095	0.00037584	0.00005456	0.00004380	0.00029090	0.00021185	0.00104363	
  0.09000000	0.01441594	0.00696811	0.00822393	0.07737235	0.27777778	0.50010995	0.10257472	0.00614349	0.00001759	0.00005428	0.00005271	0.00016570	0.00045811	0.00029610	0.00040634	0.00011632	0.00099439	0.00177804	0.00038388	0.00005784	0.00004739	0.00029592	0.00022698	0.00106214	
  0.09166667	0.01460583	0.00715824	0.00846634	0.07966724	0.27839938	0.49529165	0.10363230	0.00622037	0.00001853	0.00005504	0.00005387	0.00017231	0.00046861	0.00030107	0.00041984	0.00011862	0.00102593	0.00179607	0.00039214	0.00006127	0.00005116	0.00030090	0.00024271	0.00108059	
  0.09333333	0.01478669	0.00735013	0.00871659	0.08191246	0.27881102	0.49075592	0.10466690	0.00629461	0.00001950	0.00005579	0.00005505	0.00017910	0.00047900	0.00030602	0.00043358	0.00012095	0.00105714	0.00181512	0.00040063	0.00006485	0.00005510	0.00030585	0.00025902	0.00109900	
  0.09500000	0.01495870	0.00754369	0.00897494	0.08410499	0.27902316	0.48649153	0.10568173	0.00636636	0.00002049	0.00005654	0.00005628	0.00018604	0.00048930	0.00031093	0.00044754	0.00012330	0.00108798	0.00183527	0.00040937	0.00006859	0.00005921	0.00031077	0.00027592	0.00111737	
  0.09666667	0.01512204	0.00773882	0.00924162	0.08624234	0.27904632	0.48248694	0.10667983	0.00643575	0.00002150	0.00005729	0.00005754	0.00019315	0.00049950	0.00031583	0.00046173	0.00012567	0.00111842	0.00185656	0.00041838	0.00007248	0.00006350	0.00031568	0.00029338	0.00113572	
  0.09833333	0.01527693	0.00793542	0.00951681	0.08832242	0.27889102	0.47873037	0.10766407	0.00650292	0.00002254	0.00005804	0.00005885	0.00020041	0.00050960	0.00032073	0.00047612	0.00012807	0.00114841	0.00187905	0.00042769	0.00007653	0.00006795	0.00032059	0.00031140	0.00115405	
  0.10000000	0.01542359	0.00813338	0.00980063	0.09034364	0.27856771	0.47520987	0.10863711	0.00656804	0.00002360	0.00005880	0.00006019	0.00020784	0.00051960	0.00032563	0.00049073	0.00013049	0.00117793	0.00190276	0.00043730	0.00008073	0.00007257	0.00032550	0.00032996	0.00117238	
  0.10166667	0.01556227	0.00833261	0.01009319	0.09230481	0.27808677	0.47191340	0.10960141	0.00663123	0.00002468	0.00005955	0.00006159	0.00021544	0.00052949	0.00033054	0.00050554	0.00013294	0.00120695	0.00192772	0.00044723	0.00008510	0.00007736	0.00033044	0.00034904	0.00119070	
  0.10333333	0.01569322	0.00853300	0.01039454	0.09420516	0.27745843	0.46882888	0.11055924	0.00669263	0.00002578	0.00006032	0.00006303	0.00022320	0.00053928	0.00033549	0.00052054	0.00013542	0.00123544	0.00195393	0.00045749	0.00008962	0.00008231	0.00033540	0.00036863	0.00120902	
  0.10500000	0.01581670	0.00873446	0.01070471	0.09604429	0.27669279	0.46594426	0.11151263	0.00675240	0.00002690	0.00006109	0.00006452	0.00023114	0.00054895	0.00034046	0.00053573	0.00013793	0.00126338	0.00198139	0.00046811	0.00009431	0.00008741	0.00034040	0.00038870	0.00122734	
  0.10666667	0.01593301	0.00893689	0.01102370	0.09782216	0.27579972	0.46324759	0.11246341	0.00681066	0.00002803	0.00006186	0.00006605	0.00023925	0.00055852	0.00034548	0.00055110	0.00014046	0.00129075	0.00201008	0.00047908	0.00009917	0.00009265	0.00034546	0.00040924	0.00124567	
  0.10833333	0.01604243	0.00914019	0.01135149	0.09953905	0.27478892	0.46072702	0.11341318	0.00686754	0.00002919	0.00006264	0.00006764	0.00024753	0.00056797	0.00035056	0.00056665	0.00014303	0.00131754	0.00203999	0.00049041	0.00010419	0.00009804	0.00035057	0.00043022	0.00126400	
  0.11000000	0.01614525	0.00934426	0.01168804	0.10119552	0.27366984	0.45837091	0.11436335	0.00692318	0.00003036	0.00006343	0.00006928	0.00025601	0.00057730	0.00035569	0.00058236	0.00014562	0.00134374	0.00207110	0.00050213	0.00010938	0.00010357	0.00035574	0.00045162	0.00128233	
  0.11166667	0.01624178	0.00954900	0.01203329	0.10279240	0.27245166	0.45616783	0.11531511	0.00697768	0.00003154	0.00006423	0.00007098	0.00026467	0.00058651	0.00036090	0.00059822	0.00014823	0.00136935	0.00210335	0.00051422	0.00011474	0.00010922	0.00036100	0.00047342	0.00130066	
  0.11333333	0.01633233	0.00975431	0.01238717	0.10433073	0.27114332	0.45410663	0.11626945	0.00703117	0.00003274	0.00006504	0.00007272	0.00027353	0.00059560	0.00036619	0.00061424	0.00015087	0.00139435	0.00213671	0.00052669	0.00012028	0.00011500	0.00036634	0.00049560	0.00131899	
  0.11500000	0.01641723	0.00996009	0.01274961	0.10581177	0.26975347	0.45217642	0.11722717	0.00708375	0.00003395	0.00006586	0.00007453	0.00028258	0.00060457	0.00037156	0.00063040	0.00015354	0.00141876	0.00217113	0.00053955	0.00012599	0.00012088	0.00037177	0.00051813	0.00133730	
  0.11666667	0.01649678	0.01016623	0.01312052	0.10723693	0.26829046	0.45036667	0.11818887	0.00713552	0.00003517	0.00006669	0.00007639	0.00029184	0.00061342	0.00037703	0.00064669	0.00015623	0.00144256	0.00220656	0.00055280	0.00013187	0.00012687	0.00037730	0.00054099	0.00135561	
  0.11833333	0.01657132	0.01037263	0.01349982	0.10860776	0.26676237	0.44866719	0.11915499	0.00718658	0.00003640	0.00006753	0.00007830	0.00030131	0.00062214	0.00038260	0.00066311	0.00015895	0.00146578	0.00224294	0.00056642	0.00013794	0.00013296	0.00038294	0.00056415	0.00137389	
  0.12000000	0.01664118	0.01057918	0.01388742	0.10992592	0.26517693	0.44706815	0.12012580	0.00723700	0.00003764	0.00006838	0.00008027	0.00031100	0.00063073	0.00038827	0.00067964	0.00016168	0.00148842	0.00228020	0.00058041	0.00014419	0.00013914	0.00038870	0.00058759	0.00139215	
  0.12166667	0.01670668	0.01078578	0.01428323	0.11119318	0.26354159	0.44556012	0.12110142	0.00728688	0.00003888	0.00006925	0.00008230	0.00032090	0.00063919	0.00039406	0.00069629	0.00016443	0.00151050	0.00231830	0.00059478	0.00015063	0.00014539	0.00039457	0.00061128	0.00141037	
  0.12333333	0.01676816	0.01099230	0.01468718	0.11241134	0.26186347	0.44413409	0.12208180	0.00733629	0.00004013	0.00007012	0.00008438	0.00033103	0.00064753	0.00039996	0.00071304	0.00016721	0.00153203	0.00235716	0.00060950	0.00015725	0.00015172	0.00040056	0.00063521	0.00142856	
  0.12500000	0.01682595	0.01119864	0.01509918	0.11358226	0.26014937	0.44278143	0.12306680	0.00738527	0.00004139	0.00007101	0.00008652	0.00034138	0.00065575	0.00040598	0.00072988	0.00016999	0.00155302	0.00239671	0.00062458	0.00016407	0.00015811	0.00040668	0.00065934	0.00144669	
  0.12666667	0.01688039	0.01140467	0.01551914	0.11470785	0.25840577	0.44149398	0.12405612	0.00743391	0.00004265	0.00007191	0.00008872	0.00035195	0.00066383	0.00041213	0.00074680	0.00017279	0.00157351	0.00243689	0.00063999	0.00017107	0.00016455	0.00041294	0.00068365	0.00146477	
  0.12833333	0.01693180	0.01161028	0.01594700	0.11579001	0.25663883	0.44026396	0.12504938	0.00748224	0.00004392	0.00007282	0.00009098	0.00036276	0.00067180	0.00041840	0.00076381	0.00017561	0.00159351	0.00247763	0.00065573	0.00017828	0.00017103	0.00041932	0.00070813	0.00148279	
  0.13000000	0.01698050	0.01181534	0.01638266	0.11683062	0.25485438	0.43908405	0.12604608	0.00753030	0.00004518	0.00007374	0.00009329	0.00037380	0.00067964	0.00042480	0.00078088	0.00017843	0.00161306	0.00251886	0.00067179	0.00018568	0.00017755	0.00042585	0.00073274	0.00150074	
  0.13166667	0.01702684	0.01201974	0.01682607	0.11783159	0.25305793	0.43794736	0.12704567	0.00757815	0.00004645	0.00007468	0.00009566	0.00038507	0.00068736	0.00043134	0.00079802	0.00018127	0.00163217	0.00256052	0.00068815	0.00019328	0.00018410	0.00043252	0.00075747	0.00151861	
  0.13333333	0.01707113	0.01222333	0.01727713	0.11879478	0.25125465	0.43684742	0.12804748	0.00762580	0.00004772	0.00007563	0.00009809	0.00039657	0.00069496	0.00043800	0.00081522	0.00018411	0.00165088	0.00260254	0.00070480	0.00020108	0.00019067	0.00043932	0.00078229	0.00153639	
  0.13500000	0.01711369	0.01242601	0.01773578	0.11972202	0.24944942	0.43577817	0.12905082	0.00767329	0.00004898	0.00007660	0.00010058	0.00040830	0.00070245	0.00044480	0.00083246	0.00018696	0.00166921	0.00264486	0.00072172	0.00020909	0.00019725	0.00044627	0.00080719	0.00155409	
  0.13666667	0.01715482	0.01262764	0.01820192	0.12061510	0.24764679	0.43473398	0.13005494	0.00772064	0.00005025	0.00007758	0.00010312	0.00042027	0.00070983	0.00045173	0.00084976	0.00018980	0.00168721	0.00268740	0.00073890	0.00021730	0.00020384	0.00045336	0.00083215	0.00157168	
  0.13833333	0.01719485	0.01282810	0.01867548	0.12147578	0.24585100	0.43370962	0.13105904	0.00776785	0.00005151	0.00007857	0.00010572	0.00043246	0.00071710	0.00045880	0.00086708	0.00019266	0.00170490	0.00273012	0.00075633	0.00022572	0.00021043	0.00046058	0.00085714	0.00158917	
  0.14000000	0.01723405	0.01302726	0.01915637	0.12230575	0.24406596	0.43270028	0.13206228	0.00781496	0.00005277	0.00007958	0.00010838	0.00044488	0.00072426	0.00046599	0.00088445	0.00019551	0.00172232	0.00277295	0.00077399	0.00023434	0.00021702	0.00046795	0.00088215	0.00160654	
  0.14166667	0.01727274	0.01322501	0.01964449	0.12310668	0.24229532	0.43170148	0.13306384	0.00786195	0.00005403	0.00008060	0.00011110	0.00045753	0.00073133	0.00047331	0.00090183	0.00019836	0.00173951	0.00281584	0.00079188	0.00024317	0.00022359	0.00047546	0.00090716	0.00162380	
  0.14333333	0.01731118	0.01342122	0.02013974	0.12388015	0.24054240	0.43070918	0.13406285	0.00790885	0.00005528	0.00008164	0.00011388	0.00047039	0.00073831	0.00048076	0.00091924	0.00020121	0.00175649	0.00285872	0.00080998	0.00025221	0.00023015	0.00048310	0.00093216	0.00164093	
  0.14500000	0.01734965	0.01361577	0.02064200	0.12462772	0.23881025	0.42971964	0.13505846	0.00795564	0.00005653	0.00008269	0.00011671	0.00048348	0.00074519	0.00048834	0.00093666	0.00020405	0.00177331	0.00290154	0.00082828	0.00026146	0.00023669	0.00049087	0.00095713	0.00165794	
  0.14666667	0.01738841	0.01380857	0.02115117	0.12535087	0.23710162	0.42872951	0.13604980	0.00800233	0.00005777	0.00008376	0.00011961	0.00049678	0.00075199	0.00049603	0.00095409	0.00020689	0.00179000	0.00294426	0.00084677	0.00027092	0.00024320	0.00049878	0.00098206	0.00167482	
  0.14833333	0.01742771	0.01399950	0.02166711	0.12605102	0.23541901	0.42773574	0.13703604	0.00804892	0.00005901	0.00008484	0.00012257	0.00051030	0.00075871	0.00050384	0.00097152	0.00020972	0.00180659	0.00298682	0.00086544	0.00028059	0.00024969	0.00050681	0.00100694	0.00169156	
  0.15000000	0.01746779	0.01418847	0.02218968	0.12672956	0.23376464	0.42673562	0.13801634	0.00809540	0.00006025	0.00008593	0.00012560	0.00052402	0.00076536	0.00051177	0.00098896	0.00021254	0.00182313	0.00302918	0.00088429	0.00029046	0.00025615	0.00051496	0.00103175	0.00170816	
  0.15166667	0.01750887	0.01437538	0.02271873	0.12738779	0.23214048	0.42572673	0.13898992	0.00814175	0.00006148	0.00008704	0.00012868	0.00053794	0.00077194	0.00051980	0.00100639	0.00021536	0.00183964	0.00307130	0.00090331	0.00030053	0.00026258	0.00052322	0.00105648	0.00172463	
  0.15333333	0.01755118	0.01456015	0.02325413	0.12802698	0.23054825	0.42470693	0.13995599	0.00818799	0.00006271	0.00008817	0.00013184	0.00055207	0.00077846	0.00052794	0.00102381	0.00021817	0.00185616	0.00311313	0.00092249	0.00031081	0.00026897	0.00053160	0.00108113	0.00174096	
  0.15500000	0.01759490	0.01474271	0.02379569	0.12864831	0.22898943	0.42367436	0.14091382	0.00823409	0.00006393	0.00008931	0.00013505	0.00056639	0.00078492	0.00053618	0.00104122	0.00022096	0.00187273	0.00315464	0.00094182	0.00032129	0.00027534	0.00054009	0.00110569	0.00175714	
  0.15666667	0.01764022	0.01492299	0.02434325	0.12925294	0.22746530	0.42262740	0.14186270	0.00828005	0.00006515	0.00009047	0.00013834	0.00058090	0.00079133	0.00054451	0.00105862	0.00022375	0.00188937	0.00319579	0.00096131	0.00033197	0.00028166	0.00054868	0.00113014	0.00177318	
  0.15833333	0.01768730	0.01510093	0.02489663	0.12984194	0.22597690	0.42156470	0.14280196	0.00832585	0.00006636	0.00009164	0.00014170	0.00059559	0.00079769	0.00055293	0.00107599	0.00022653	0.00190612	0.00323655	0.00098095	0.00034285	0.00028796	0.00055737	0.00115448	0.00178908	
  0.16000000	0.01773631	0.01527648	0.02545564	0.13041635	0.22452507	0.42048511	0.14373100	0.00837150	0.00006757	0.00009283	0.00014512	0.00061047	0.00080401	0.00056143	0.00109335	0.00022929	0.00192301	0.00327689	0.00100074	0.00035392	0.00029422	0.00056615	0.00117871	0.00180484	
  0.16166667	0.01778738	0.01544961	0.02602010	0.13097714	0.22311047	0.41938769	0.14464924	0.00841697	0.00006878	0.00009403	0.00014862	0.00062552	0.00081029	0.00057001	0.00111067	0.00023205	0.00194006	0.00331678	0.00102067	0.00036518	0.00030045	0.00057501	0.00120281	0.00182046	
  0.16333333	0.01784064	0.01562029	0.02658980	0.13152524	0.22173357	0.41827170	0.14555613	0.00846227	0.00006998	0.00009525	0.00015220	0.00064075	0.00081655	0.00057867	0.00112797	0.00023479	0.00195730	0.00335619	0.00104076	0.00037663	0.00030665	0.00058395	0.00122678	0.00183594	
  0.16500000	0.01789619	0.01578851	0.02716456	0.13206149	0.22039467	0.41713659	0.14645121	0.00850738	0.00007118	0.00009648	0.00015585	0.00065614	0.00082277	0.00058739	0.00114524	0.00023753	0.00197476	0.00339511	0.00106098	0.00038826	0.00031283	0.00059296	0.00125063	0.00185128	
  0.16666667	0.01795412	0.01595426	0.02774417	0.13258673	0.21909390	0.41598198	0.14733405	0.00855229	0.00007238	0.00009773	0.00015957	0.00067169	0.00082898	0.00059617	0.00116248	0.00024025	0.00199245	0.00343352	0.00108136	0.00040008	0.00031897	0.00060204	0.00127434	0.00186649	
  0.16833333	0.01801451	0.01611754	0.02832843	0.13310171	0.21783126	0.41480762	0.14820424	0.00859701	0.00007358	0.00009899	0.00016338	0.00068740	0.00083517	0.00060501	0.00117969	0.00024296	0.00201041	0.00347139	0.00110188	0.00041207	0.00032509	0.00061119	0.00129791	0.00188158	
  0.17000000	0.01807741	0.01627837	0.02891714	0.13360715	0.21660660	0.41361342	0.14906147	0.00864151	0.00007477	0.00010027	0.00016726	0.00070327	0.00084135	0.00061390	0.00119686	0.00024566	0.00202865	0.00350871	0.00112254	0.00042424	0.00033119	0.00062038	0.00132135	0.00189653	
  0.17166667	0.01814288	0.01643677	0.02951009	0.13410372	0.21541964	0.41239943	0.14990543	0.00868581	0.00007597	0.00010156	0.00017123	0.00071928	0.00084752	0.00062283	0.00121399	0.00024835	0.00204718	0.00354548	0.00114336	0.00043658	0.00033727	0.00062963	0.00134464	0.00191136	
  0.17333333	0.01821095	0.01659278	0.03010710	0.13459203	0.21426999	0.41116580	0.15073588	0.00872990	0.00007716	0.00010287	0.00017528	0.00073544	0.00085369	0.00063180	0.00123109	0.00025104	0.00206602	0.00358168	0.00116432	0.00044908	0.00034333	0.00063891	0.00136779	0.00192607	
  0.17500000	0.01828162	0.01674645	0.03070796	0.13507266	0.21315714	0.40991280	0.15155263	0.00877377	0.00007835	0.00010419	0.00017942	0.00075174	0.00085986	0.00064080	0.00124814	0.00025371	0.00208518	0.00361730	0.00118543	0.00046175	0.00034938	0.00064824	0.00139080	0.00194066	
  0.17666667	0.01835489	0.01689783	0.03131249	0.13554616	0.21208050	0.40864078	0.15235551	0.00881743	0.00007955	0.00010553	0.00018364	0.00076817	0.00086603	0.00064983	0.00126516	0.00025637	0.00210468	0.00365235	0.00120670	0.00047458	0.00035542	0.00065760	0.00141367	0.00195514	
  0.17833333	0.01843076	0.01704697	0.03192049	0.13601302	0.21103935	0.40735019	0.15314442	0.00886087	0.00008074	0.00010688	0.00018795	0.00078474	0.00087221	0.00065888	0.00128214	0.00025903	0.00212452	0.00368681	0.00122811	0.00048756	0.00036145	0.00066698	0.00143639	0.00196951	
  0.18000000	0.01850920	0.01719396	0.03253179	0.13647371	0.21003294	0.40604157	0.15391928	0.00890409	0.00008194	0.00010824	0.00019234	0.00080143	0.00087840	0.00066796	0.00129908	0.00026168	0.00214472	0.00372068	0.00124968	0.00050070	0.00036748	0.00067639	0.00145897	0.00198378	
  0.18166667	0.01859017	0.01733885	0.03314620	0.13692865	0.20906041	0.40471549	0.15468005	0.00894711	0.00008314	0.00010961	0.00019683	0.00081824	0.00088460	0.00067704	0.00131598	0.00026432	0.00216526	0.00375398	0.00127140	0.00051398	0.00037351	0.00068581	0.00148141	0.00199795	
  0.18333333	0.01867361	0.01748175	0.03376355	0.13737824	0.20812084	0.40337260	0.15542674	0.00898992	0.00008434	0.00011100	0.00020140	0.00083517	0.00089082	0.00068614	0.00133285	0.00026696	0.00218616	0.00378670	0.00129327	0.00052741	0.00037954	0.00069524	0.00150370	0.00201203	
  0.18500000	0.01875947	0.01762274	0.03438369	0.13782286	0.20721328	0.40201362	0.15615936	0.00903252	0.00008554	0.00011240	0.00020607	0.00085221	0.00089706	0.00069524	0.00134967	0.00026959	0.00220741	0.00381884	0.00131529	0.00054098	0.00038558	0.00070469	0.00152586	0.00202602	
  0.18666667	0.01884768	0.01776191	0.03500645	0.13826284	0.20633668	0.40063928	0.15687799	0.00907492	0.00008675	0.00011382	0.00021083	0.00086937	0.00090333	0.00070435	0.00136646	0.00027221	0.00222902	0.00385042	0.00133747	0.00055469	0.00039163	0.00071413	0.00154788	0.00203992	
  0.18833333	0.01893814	0.01789936	0.03563167	0.13869852	0.20549000	0.39925036	0.15758272	0.00911713	0.00008796	0.00011525	0.00021568	0.00088662	0.00090961	0.00071345	0.00138321	0.00027483	0.00225097	0.00388144	0.00135980	0.00056853	0.00039768	0.00072358	0.00156976	0.00205374	
  0.19000000	0.01903077	0.01803520	0.03625921	0.13913018	0.20467212	0.39784767	0.15827366	0.00915915	0.00008917	0.00011669	0.00022062	0.00090399	0.00091592	0.00072255	0.00139993	0.00027745	0.00227327	0.00391191	0.00138228	0.00058250	0.00040375	0.00073302	0.00159151	0.00206748	
  0.19166667	0.01912548	0.01816953	0.03688893	0.13955811	0.20388193	0.39643206	0.15895095	0.00920099	0.00009039	0.00011814	0.00022565	0.00092145	0.00092226	0.00073165	0.00141661	0.00028007	0.00229590	0.00394184	0.00140492	0.00059660	0.00040984	0.00074245	0.00161312	0.00208115	
  0.19333333	0.01922214	0.01830246	0.03752069	0.13998258	0.20311827	0.39500436	0.15961475	0.00924265	0.00009162	0.00011960	0.00023078	0.00093900	0.00092862	0.00074073	0.00143325	0.00028268	0.00231886	0.00397126	0.00142771	0.00061082	0.00041595	0.00075187	0.00163461	0.00209475	
  0.19500000	0.01932066	0.01843411	0.03815436	0.14040383	0.20237996	0.39356545	0.16026523	0.00928415	0.00009284	0.00012107	0.00023601	0.00095665	0.00093502	0.00074980	0.00144987	0.00028529	0.00234214	0.00400016	0.00145065	0.00062516	0.00042208	0.00076128	0.00165596	0.00210829	
  0.19666667	0.01942092	0.01856458	0.03878983	0.14082210	0.20166582	0.39211619	0.16090260	0.00932548	0.00009408	0.00012256	0.00024132	0.00097438	0.00094144	0.00075886	0.00146645	0.00028790	0.00236571	0.00402857	0.00147373	0.00063963	0.00042823	0.00077068	0.00167719	0.00212176	
  0.19833333	0.01952278	0.01869398	0.03942696	0.14123761	0.20097467	0.39065746	0.16152706	0.00936666	0.00009531	0.00012406	0.00024674	0.00099220	0.00094789	0.00076790	0.00148300	0.00029050	0.00238958	0.00405651	0.00149697	0.00065420	0.00043441	0.00078005	0.00169829	0.00213518	
  0.20000000	0.01962614	0.01882243	0.04006567	0.14165058	0.20030531	0.38919014	0.16213883	0.00940770	0.00009656	0.00012556	0.00025225	0.00101009	0.00095438	0.00077693	0.00149952	0.00029311	0.00241372	0.00408399	0.00152036	0.00066889	0.00044061	0.00078941	0.00171928	0.00214855	
  0.20166667	0.01973084	0.01895004	0.04070582	0.14206120	0.19965657	0.38771510	0.16273815	0.00944860	0.00009781	0.00012708	0.00025785	0.00102807	0.00096090	0.00078593	0.00151601	0.00029572	0.00243812	0.00411102	0.00154389	0.00068369	0.00044684	0.00079875	0.00174014	0.00216186	
  0.20333333	0.01983678	0.01907693	0.04134733	0.14246966	0.19902725	0.38623320	0.16332523	0.00948936	0.00009906	0.00012860	0.00026356	0.00104612	0.00096744	0.00079492	0.00153248	0.00029833	0.00246275	0.00413764	0.00156757	0.00069860	0.00045311	0.00080806	0.00176089	0.00217513	
  0.20500000	0.01994380	0.01920319	0.04199010	0.14287616	0.19841620	0.38474530	0.16390034	0.00952999	0.00010033	0.00013014	0.00026935	0.00106425	0.00097402	0.00080389	0.00154892	0.00030094	0.00248761	0.00416385	0.00159140	0.00071362	0.00045940	0.00081735	0.00178152	0.00218835	
  0.20666667	0.02005178	0.01932894	0.04263404	0.14328085	0.19782226	0.38325224	0.16446371	0.00957051	0.00010159	0.00013169	0.00027525	0.00108244	0.00098063	0.00081283	0.00156533	0.00030355	0.00251268	0.00418968	0.00161537	0.00072873	0.00046572	0.00082661	0.00180204	0.00220152	
  0.20833333	0.02016058	0.01945427	0.04327907	0.14368390	0.19724432	0.38175485	0.16501559	0.00961091	0.00010287	0.00013324	0.00028124	0.00110070	0.00098727	0.00082176	0.00158172	0.00030616	0.00253792	0.00421515	0.00163948	0.00074395	0.00047208	0.00083585	0.00182245	0.00221466	
  0.21000000	0.02027008	0.01957930	0.04392509	0.14408546	0.19668126	0.38025393	0.16555624	0.00965120	0.00010415	0.00013480	0.00028734	0.00111903	0.00099394	0.00083066	0.00159808	0.00030877	0.00256333	0.00424028	0.00166374	0.00075927	0.00047847	0.00084506	0.00184275	0.00222776	
  0.21166667	0.02038013	0.01970412	0.04457204	0.14448567	0.19613202	0.37875027	0.16608591	0.00969138	0.00010544	0.00013638	0.00029353	0.00113741	0.00100064	0.00083954	0.00161442	0.00031139	0.00258889	0.00426510	0.00168814	0.00077468	0.00048489	0.00085425	0.00186295	0.00224082	
  0.21333333	0.02049061	0.01982882	0.04521985	0.14488467	0.19559554	0.37724466	0.16660483	0.00973146	0.00010673	0.00013795	0.00029982	0.00115586	0.00100736	0.00084840	0.00163074	0.00031401	0.00261456	0.00428961	0.00171268	0.00079020	0.00049134	0.00086341	0.00188304	0.00225385	
  0.21500000	0.02060138	0.01995350	0.04586845	0.14528255	0.19507082	0.37573783	0.16711326	0.00977145	0.00010804	0.00013954	0.00030620	0.00117437	0.00101411	0.00085723	0.00164704	0.00031663	0.00264034	0.00431386	0.00173736	0.00080580	0.00049782	0.00087254	0.00190304	0.00226685	
  0.21666667	0.02071233	0.02007823	0.04651778	0.14567944	0.19455688	0.37423051	0.16761144	0.00981133	0.00010935	0.00014114	0.00031269	0.00119293	0.00102089	0.00086605	0.00166332	0.00031926	0.00266619	0.00433784	0.00176218	0.00082150	0.00050434	0.00088165	0.00192293	0.00227981	
  0.21833333	0.02082332	0.02020311	0.04716778	0.14607542	0.19405278	0.37272342	0.16809961	0.00985112	0.00011066	0.00014274	0.00031928	0.00121155	0.00102769	0.00087485	0.00167957	0.00032189	0.00269211	0.00436160	0.00178714	0.00083729	0.00051088	0.00089073	0.00194273	0.00229274	
  0.22000000	0.02093424	0.02032821	0.04781840	0.14647057	0.19355763	0.37121722	0.16857800	0.00989081	0.00011199	0.00014435	0.00032596	0.00123022	0.00103451	0.00088362	0.00169581	0.00032452	0.00271806	0.00438515	0.00181223	0.00085317	0.00051746	0.00089978	0.00196244	0.00230564	
  0.22166667	0.02104498	0.02045360	0.04846959	0.14686495	0.19307058	0.36971258	0.16904683	0.00993041	0.00011332	0.00014597	0.00033275	0.00124894	0.00104135	0.00089238	0.00171203	0.00032715	0.00274403	0.00440852	0.00183747	0.00086913	0.00052407	0.00090882	0.00198206	0.00231852	
  0.22333333	0.02115542	0.02057936	0.04912130	0.14725862	0.19259080	0.36821012	0.16950632	0.00996992	0.00011466	0.00014759	0.00033964	0.00126771	0.00104821	0.00090112	0.00172823	0.00032979	0.00276999	0.00443171	0.00186284	0.00088519	0.00053070	0.00091782	0.00200158	0.00233136	
  0.22500000	0.02126546	0.02070554	0.04977351	0.14765159	0.19211754	0.36671045	0.16995669	0.01000934	0.00011601	0.00014923	0.00034662	0.00128652	0.00105508	0.00090985	0.00174440	0.00033243	0.00279593	0.00445477	0.00188835	0.00090132	0.00053736	0.00092681	0.00202102	0.00234417	
  0.22666667	0.02137499	0.02083222	0.05042617	0.14804391	0.19165006	0.36521415	0.17039814	0.01004865	0.00011736	0.00015087	0.00035371	0.00130539	0.00106197	0.00091856	0.00176057	0.00033507	0.00282183	0.00447770	0.00191399	0.00091755	0.00054405	0.00093577	0.00204038	0.00235695	
  0.22833333	0.02148392	0.02095943	0.05107925	0.14843555	0.19118770	0.36372178	0.17083087	0.01008788	0.00011872	0.00015251	0.00036090	0.00132430	0.00106887	0.00092725	0.00177671	0.00033772	0.00284767	0.00450053	0.00193976	0.00093386	0.00055076	0.00094471	0.00205965	0.00236971	
  0.23000000	0.02159216	0.02108723	0.05173273	0.14882653	0.19072980	0.36223386	0.17125507	0.01012700	0.00012010	0.00015416	0.00036819	0.00134325	0.00107579	0.00093593	0.00179283	0.00034037	0.00287342	0.00452327	0.00196567	0.00095024	0.00055750	0.00095363	0.00207884	0.00238243	
  0.23166667	0.02169962	0.02121567	0.05238657	0.14921680	0.19027579	0.36075089	0.17167092	0.01016602	0.00012147	0.00015582	0.00037558	0.00136225	0.00108271	0.00094460	0.00180894	0.00034302	0.00289908	0.00454596	0.00199172	0.00096671	0.00056425	0.00096253	0.00209795	0.00239512	
  0.23333333	0.02180621	0.02134479	0.05304077	0.14960633	0.18982510	0.35927336	0.17207860	0.01020494	0.00012286	0.00015749	0.00038308	0.00138128	0.00108964	0.00095326	0.00182502	0.00034567	0.00292463	0.00456860	0.00201789	0.00098327	0.00057103	0.00097142	0.00211698	0.00240779	
  0.23500000	0.02191188	0.02147462	0.05369529	0.14999506	0.18937726	0.35780171	0.17247827	0.01024374	0.00012426	0.00015916	0.00039067	0.00140036	0.00109657	0.00096191	0.00184109	0.00034833	0.00295004	0.00459121	0.00204420	0.00099989	0.00057783	0.00098029	0.00213593	0.00242042	
  0.23666667	0.02201654	0.02160519	0.05435014	0.15038294	0.18893177	0.35633638	0.17287009	0.01028244	0.00012566	0.00016083	0.00039837	0.00141947	0.00110351	0.00097056	0.00185715	0.00035099	0.00297530	0.00461382	0.00207064	0.00101660	0.00058464	0.00098914	0.00215482	0.00243302	
